#           delta0,               zB,          omega_b,        omega_cdm,                h,     ln10^{10}A_s,              n_s,         tau_reio,        A_cib_217,        xi_sz_cib,             A_sz,     ps_A_100_100,     ps_A_143_143,     ps_A_143_217,     ps_A_217_217,         ksz_norm,     gal545_A_100,     gal545_A_143, gal545_A_143_217,     gal545_A_217,    galf_TE_A_100, galf_TE_A_100_143, galf_TE_A_100_217,    galf_TE_A_143, galf_TE_A_143_217,    galf_TE_A_217,       calib_100T,       calib_217T,         A_planck,     Omega_Lambda,              z_d,              H0m,             H0l1,             H0l2,              H0R,             T0ef,                L,               rB
 1.752870e-01	 4.943243e-04	 4.676343e-07	-2.550334e-05	 8.012848e-05	-1.768561e-04	 1.377349e-04	-2.907962e-05	-1.223974e-01	 3.033972e-03	 6.750333e-03	-4.204760e-01	-4.472007e-02	 8.086507e-02	 1.436466e-01	-1.260946e-02	 2.267293e-02	 1.084566e-02	-1.575947e-02	 9.186027e-03	 2.134817e-04	 1.165954e-04	 1.378002e-04	 1.456738e-04	-3.504839e-04	-2.187734e-03	 1.439252e-06	-5.355328e-06	-1.850534e-05	 1.278718e-04	-7.091176e-04	-1.314301e-03	-1.106891e-03	-1.682919e-02	 9.167703e-04	-3.718458e-06	 4.128591e-03	 2.124201e+00	
 4.943243e-04	 2.661971e-03	 6.423873e-07	-6.508034e-06	 2.875544e-05	 2.639584e-05	 1.042481e-05	 1.796925e-05	-1.188537e-03	-4.805843e-04	-2.003552e-03	 3.476964e-02	-6.997472e-03	-1.693550e-02	-1.124384e-02	 1.281461e-03	 1.054103e-03	-1.495196e-03	-1.936513e-03	 6.579270e-03	-1.169519e-05	-2.137243e-05	 1.049068e-04	-4.883855e-05	-1.855991e-04	-2.004035e-04	 9.227392e-07	 1.199053e-06	 2.316424e-06	 3.865685e-05	 9.986448e-04	 2.564918e-03	 2.559104e-03	 3.058851e-03	 2.320627e-03	-5.869436e-07	 6.608436e-05	 1.113535e+01	
 4.676343e-07	 6.423873e-07	 2.201331e-08	-1.073929e-07	 6.257312e-07	 3.756625e-07	 2.805663e-07	 2.651138e-07	-9.439958e-05	 1.204795e-06	-1.315467e-06	-1.699653e-04	-1.762251e-04	-8.794346e-05	 2.265077e-05	-3.241000e-05	-3.451513e-06	-6.819952e-06	-2.555124e-05	-2.619709e-06	 8.114145e-08	-7.768921e-08	-1.476952e-07	-9.379907e-08	-1.557883e-07	-1.766882e-06	-1.262308e-09	-4.294284e-09	 8.478656e-09	 7.554653e-07	 4.304015e-05	 6.330986e-05	 6.328202e-05	 6.401016e-05	 5.948668e-05	-7.284070e-11	 1.550986e-08	 2.453083e-03	
-2.550334e-05	-6.508034e-06	-1.073929e-07	 1.809477e-06	-7.803053e-06	-1.819767e-06	-4.141043e-06	-2.864811e-06	 3.136160e-04	 1.369072e-05	 9.988619e-06	-9.629232e-04	 9.815182e-04	 9.700632e-04	 1.071174e-04	 3.405703e-05	-1.018066e-05	-3.972370e-05	 1.040160e-04	 2.087676e-05	-6.075719e-07	 1.381257e-07	-2.232906e-06	 8.458502e-07	-1.637079e-07	 1.205326e-05	 1.192076e-10	 3.555570e-08	-2.421003e-07	-1.079203e-05	-1.161033e-04	-7.844755e-04	-7.840700e-04	-7.914229e-04	-7.345922e-04	 1.706426e-09	-7.539334e-07	-2.455615e-02	
 8.012848e-05	 2.875544e-05	 6.257312e-07	-7.803053e-06	 3.631035e-05	 1.133449e-05	 1.846609e-05	 1.350535e-05	-1.938932e-03	-4.962467e-05	-7.648894e-05	 2.299600e-03	-5.418038e-03	-4.757288e-03	-2.567839e-04	-3.600969e-04	-2.853545e-05	 8.827654e-05	-6.580346e-04	-2.749229e-04	 2.114955e-06	-2.148714e-06	 6.355891e-06	-4.410888e-06	-4.264092e-07	-5.868290e-05	-1.773493e-08	-1.794271e-07	 1.054989e-06	 4.860717e-05	 8.763992e-04	 3.655466e-03	 3.653865e-03	 3.692304e-03	 3.427470e-03	-6.445135e-09	 2.587264e-06	 1.080600e-01	
-1.768561e-04	 2.639584e-05	 3.756625e-07	-1.819767e-06	 1.133449e-05	 2.443406e-04	 9.394815e-06	 1.126246e-04	-5.347960e-03	 2.372827e-04	-1.124740e-03	 7.573379e-03	-2.504267e-04	 3.858303e-03	 1.031203e-02	-3.069024e-03	-8.018960e-04	-1.961717e-03	-2.840817e-03	 4.793861e-04	-8.728986e-06	 6.618206e-06	-1.643701e-05	-1.091660e-05	-1.106382e-06	-5.782490e-05	 6.232635e-07	 1.683446e-07	 9.561118e-06	 1.333054e-05	 6.322156e-04	 1.167925e-03	 1.164467e-03	 1.235398e-03	 1.098617e-03	 3.989801e-10	-6.658696e-06	 1.026317e-01	
 1.377349e-04	 1.042481e-05	 2.805663e-07	-4.141043e-06	 1.846609e-05	 9.394815e-06	 1.814812e-05	 1.011824e-05	-4.214739e-03	 7.345830e-05	-1.753027e-04	-1.038175e-02	-3.635943e-03	 5.924132e-04	 4.843093e-03	-2.551114e-03	 2.626622e-04	-3.241698e-04	-1.040156e-03	 2.823561e-04	 3.856557e-06	 1.018123e-06	 8.890884e-06	-3.381829e-06	 4.874779e-06	-1.025729e-05	-9.664806e-08	-1.213653e-07	 4.305994e-08	 2.518840e-05	 3.430395e-04	 1.857719e-03	 1.857029e-03	 1.869961e-03	 1.740622e-03	-3.025515e-09	 3.266587e-06	 3.724214e-02	
-2.907962e-05	 1.796925e-05	 2.651138e-07	-2.864811e-06	 1.350535e-05	 1.126246e-04	 1.011824e-05	 6.050342e-05	-2.786226e-03	 7.812153e-05	-2.734885e-04	-2.857764e-03	-3.883366e-03	-9.598078e-04	 1.392409e-03	-9.338380e-04	-2.583225e-04	-7.672659e-04	-1.382540e-03	-5.934463e-04	-1.035386e-06	 3.273048e-06	-9.657403e-06	-6.800584e-06	-3.973715e-06	-6.617721e-05	 2.635609e-07	 8.299141e-08	-8.853227e-07	 1.788831e-05	 3.508036e-04	 1.369412e-03	 1.367611e-03	 1.397527e-03	 1.283081e-03	-4.370309e-10	-1.950877e-06	 6.902477e-02	
-1.223974e-01	-1.188537e-03	-9.439958e-05	 3.136160e-04	-1.938932e-03	-5.347960e-03	-4.214739e-03	-2.786226e-03	 4.454984e+01	-5.126425e-01	-8.935169e-01	 4.002409e+01	 3.569904e+00	-1.412704e+01	-5.275733e+01	-1.836787e+00	 3.643951e-01	 6.577696e-01	-5.357220e+00	-3.217669e+01	 3.900261e-03	-1.113065e-03	 2.858232e-03	-3.998770e-03	-9.372344e-03	 1.991807e-02	-2.590013e-04	 7.792016e-04	 4.905969e-04	-2.248314e-03	-1.938260e-01	-1.959287e-01	-1.959648e-01	-2.207605e-01	-1.919616e-01	-9.636974e-07	-2.609352e-03	-4.570704e+00	
 3.033972e-03	-4.805843e-04	 1.204795e-06	 1.369072e-05	-4.962467e-05	 2.372827e-04	 7.345830e-05	 7.812153e-05	-5.126425e-01	 7.948573e-02	-3.127061e-02	-9.228255e-01	 1.001002e+00	 1.969600e+00	 7.929614e-01	 4.859220e-02	-8.159093e-03	 1.350812e-02	 1.418556e-01	 2.289855e-01	 4.122960e-05	 3.435333e-05	-3.763184e-04	 1.258927e-04	-6.279015e-05	-6.831178e-04	 6.507088e-06	-6.019420e-07	-7.322343e-06	-7.668012e-05	 3.712505e-03	-4.382128e-03	-4.446098e-03	-3.675754e-03	-4.216384e-03	 1.396641e-07	 2.916314e-05	-1.983858e+00	
 6.750333e-03	-2.003552e-03	-1.315467e-06	 9.988619e-06	-7.648894e-05	-1.124740e-03	-1.753027e-04	-2.734885e-04	-8.935169e-01	-3.127061e-02	 3.379231e+00	-3.080061e+01	-7.642221e+00	 2.115973e+00	 9.622930e-01	-4.704281e-02	-2.202084e-01	 8.144274e-02	 2.058498e+00	 2.637838e+00	 2.269774e-03	 7.214008e-04	-6.251626e-04	-4.647947e-04	-8.722394e-04	-4.797103e-03	 9.151837e-05	-4.524458e-05	-8.119119e-05	-8.645629e-05	-2.070678e-03	-1.378126e-02	-1.364397e-02	-1.827145e-02	-8.127674e-03	 3.656041e-07	 9.540812e-06	-8.298971e+00	
-4.204760e-01	 3.476964e-02	-1.699653e-04	-9.629232e-04	 2.299600e-03	 7.573379e-03	-1.038175e-02	-2.857764e-03	 4.002409e+01	-9.228255e-01	-3.080061e+01	 8.409633e+02	 1.206572e+02	-1.561627e+01	-2.113191e+01	-1.422555e+01	-6.120529e+00	 5.938584e+00	-9.139337e+00	-1.956632e+01	-1.813917e-02	-1.039755e-02	 4.377350e-03	 1.606537e-02	 7.698619e-03	 2.886911e-02	 3.695994e-03	 9.498055e-04	 7.423386e-03	 4.483519e-03	-4.607720e-01	 2.793024e-01	 2.763103e-01	 2.986656e-01	 2.119384e-01	-3.407947e-07	-8.519939e-03	 1.432729e+02	
-4.472007e-02	-6.997472e-03	-1.762251e-04	 9.815182e-04	-5.418038e-03	-2.504267e-04	-3.635943e-03	-3.883366e-03	 3.569904e+00	 1.001002e+00	-7.642221e+00	 1.206572e+02	 8.999797e+01	 5.654521e+01	 2.736267e+01	-1.370781e+01	 4.030023e-02	-7.777848e-01	 2.109441e+00	 1.890183e+00	 3.127902e-05	-1.280638e-03	-7.384031e-03	 4.537458e-03	 1.457796e-02	 1.054740e-02	-1.881849e-04	 9.883674e-05	 1.365744e-03	-6.705497e-03	-3.342999e-01	-4.822679e-01	-4.841690e-01	-4.513047e-01	-4.987236e-01	 4.120410e-06	-1.138292e-04	-2.641695e+01	
 8.086507e-02	-1.693550e-02	-8.794346e-05	 9.700632e-04	-4.757288e-03	 3.858303e-03	 5.924132e-04	-9.598078e-04	-1.412704e+01	 1.969600e+00	 2.115973e+00	-1.561627e+01	 5.654521e+01	 9.122211e+01	 5.434947e+01	-1.162619e+01	-5.460539e-01	-4.371510e-01	 2.265466e+00	 5.067587e+00	 7.385670e-03	 4.794435e-03	-6.314463e-03	 1.069635e-02	 4.156039e-03	-1.751203e-02	 2.063066e-04	-3.935014e-04	 2.332611e-04	-6.240662e-03	-1.329230e-01	-4.294607e-01	-4.311752e-01	-3.956940e-01	-4.316950e-01	 5.428652e-06	 1.355257e-03	-6.797976e+01	
 1.436466e-01	-1.124384e-02	 2.265077e-05	 1.071174e-04	-2.567839e-04	 1.031203e-02	 4.843093e-03	 1.392409e-03	-5.275733e+01	 7.929614e-01	 9.622930e-01	-2.113191e+01	 2.736267e+01	 5.434947e+01	 1.012917e+02	-9.747131e+00	-5.957060e-01	-1.169522e+00	 2.582664e+00	 2.871027e+01	-1.197519e-03	 4.254895e-03	 2.183323e-03	 9.389291e-03	 1.316300e-02	-1.372917e-02	 2.754482e-04	-1.453143e-03	 1.506385e-03	-5.296199e-04	 5.924129e-02	 6.497433e-03	 5.861763e-03	 5.991459e-02	-4.077845e-03	 3.791485e-06	 3.197056e-03	-4.564908e+01	
-1.260946e-02	 1.281461e-03	-3.241000e-05	 3.405703e-05	-3.600969e-04	-3.069024e-03	-2.551114e-03	-9.338380e-04	-1.836787e+00	 4.859220e-02	-4.704281e-02	-1.422555e+01	-1.370781e+01	-1.162619e+01	-9.747131e+00	 7.615878e+00	-3.016833e-02	-2.159363e-01	-4.917663e-01	 1.140871e-01	-3.679620e-03	-1.280138e-03	-6.725907e-04	-6.069295e-04	 1.220476e-04	-4.801990e-03	 6.003967e-05	 4.063456e-06	 1.032523e-04	-3.345818e-04	-7.177266e-02	-5.202107e-02	-5.191410e-02	-5.509905e-02	-3.651397e-02	-3.229012e-07	-5.387452e-04	 5.159871e+00	
 2.267293e-02	 1.054103e-03	-3.451513e-06	-1.018066e-05	-2.853545e-05	-8.018960e-04	 2.626622e-04	-2.583225e-04	 3.643951e-01	-8.159093e-03	-2.202084e-01	-6.120529e+00	 4.030023e-02	-5.460539e-01	-5.957060e-01	-3.016833e-02	 3.266681e+00	 4.947770e-01	 1.355144e-02	-3.003951e-01	-6.670948e-04	 1.037046e-03	-4.117884e-04	 1.642175e-03	 1.474039e-03	-2.070296e-02	 1.642887e-04	-4.352156e-05	 9.838770e-06	 9.859459e-06	-8.454257e-03	-2.764146e-04	-3.734330e-04	-1.292862e-03	-3.357154e-03	-6.027937e-07	 7.260395e-04	 4.370334e+00	
 1.084566e-02	-1.495196e-03	-6.819952e-06	-3.972370e-05	 8.827654e-05	-1.961717e-03	-3.241698e-04	-7.672659e-04	 6.577696e-01	 1.350812e-02	 8.144274e-02	 5.938584e+00	-7.777848e-01	-4.371510e-01	-1.169522e+00	-2.159363e-01	 4.947770e-01	 3.045914e+00	 2.568432e+00	 2.513894e+00	 3.574363e-04	-7.203047e-04	 2.921717e-04	-7.838737e-04	-2.184830e-03	-7.014262e-03	-1.842954e-04	-4.031244e-05	 8.629139e-05	 1.855973e-04	-1.790289e-02	 8.935029e-03	 8.841185e-03	 1.343906e-02	 1.006792e-02	 4.291001e-07	 5.835221e-04	-6.268634e+00	
-1.575947e-02	-1.936513e-03	-2.555124e-05	 1.040160e-04	-6.580346e-04	-2.840817e-03	-1.040156e-03	-1.382540e-03	-5.357220e+00	 1.418556e-01	 2.058498e+00	-9.139337e+00	 2.109441e+00	 2.265466e+00	 2.582664e+00	-4.917663e-01	 1.355144e-02	 2.568432e+00	 1.018969e+01	 1.817610e+01	 3.925745e-04	-5.564580e-04	-4.427310e-03	-9.460428e-04	 3.513866e-03	-2.619684e-03	-6.340594e-05	 3.979456e-04	 1.820124e-04	-7.625272e-04	-5.043481e-02	-7.043241e-02	-7.069170e-02	-6.519902e-02	-5.952250e-02	 1.114680e-06	-6.337544e-05	-7.614010e+00	
 9.186027e-03	 6.579270e-03	-2.619709e-06	 2.087676e-05	-2.749229e-04	 4.793861e-04	 2.823561e-04	-5.934463e-04	-3.217669e+01	 2.289855e-01	 2.637838e+00	-1.956632e+01	 1.890183e+00	 5.067587e+00	 2.871027e+01	 1.140871e-01	-3.003951e-01	 2.513894e+00	 1.817610e+01	 5.119909e+01	-4.695941e-03	 2.413000e-04	-3.897927e-03	 2.379568e-03	 1.347353e-02	-4.102382e-03	 5.321895e-05	 8.897516e-04	 1.037650e-03	-2.815850e-04	-3.996769e-03	-3.102825e-02	-3.109886e-02	-8.762019e-03	-1.935726e-02	 9.534717e-07	 6.517929e-04	 2.769164e+01	
 2.134817e-04	-1.169519e-05	 8.114145e-08	-6.075719e-07	 2.114955e-06	-8.728986e-06	 3.856557e-06	-1.035386e-06	 3.900261e-03	 4.122960e-05	 2.269774e-03	-1.813917e-02	 3.127902e-05	 7.385670e-03	-1.197519e-03	-3.679620e-03	-6.670948e-04	 3.574363e-04	 3.925745e-04	-4.695941e-03	 1.481376e-03	 2.516278e-04	 1.987755e-05	-4.110302e-04	-1.662496e-04	-2.819496e-05	-3.561167e-07	-2.319273e-07	-2.412008e-06	 3.013265e-06	 1.456075e-04	 3.528078e-04	 3.501572e-04	 3.567484e-04	 2.074733e-04	-2.103936e-09	 6.651991e-06	-5.258262e-02	
 1.165954e-04	-2.137243e-05	-7.768921e-08	 1.381257e-07	-2.148714e-06	 6.618206e-06	 1.018123e-06	 3.273048e-06	-1.113065e-03	 3.435333e-05	 7.214008e-04	-1.039755e-02	-1.280638e-03	 4.794435e-03	 4.254895e-03	-1.280138e-03	 1.037046e-03	-7.203047e-04	-5.564580e-04	 2.413000e-04	 2.516278e-04	 8.333128e-04	 1.448597e-05	 7.272605e-04	 4.936653e-05	-8.738258e-04	 3.381572e-07	 1.123593e-07	-2.068236e-07	-1.904730e-06	-1.720907e-04	-1.598040e-04	-1.615770e-04	-1.415112e-04	-1.963675e-04	 3.571490e-10	 3.570883e-06	-8.668388e-02	
 1.378002e-04	 1.049068e-04	-1.476952e-07	-2.232906e-06	 6.355891e-06	-1.643701e-05	 8.890884e-06	-9.657403e-06	 2.858232e-03	-3.763184e-04	-6.251626e-04	 4.377350e-03	-7.384031e-03	-6.314463e-03	 2.183323e-03	-6.725907e-04	-4.117884e-04	 2.921717e-04	-4.427310e-03	-3.897927e-03	 1.987755e-05	 1.448597e-05	 7.340292e-03	-3.273112e-04	 7.529785e-04	 5.074331e-03	-8.235737e-07	-8.678187e-08	 5.446446e-06	 1.104538e-05	-4.941693e-04	 8.525804e-04	 8.460855e-04	 8.703101e-04	 5.841767e-04	-4.137488e-08	 1.119611e-05	 4.338579e-01	
 1.456738e-04	-4.883855e-05	-9.379907e-08	 8.458502e-07	-4.410888e-06	-1.091660e-05	-3.381829e-06	-6.800584e-06	-3.998770e-03	 1.258927e-04	-4.647947e-04	 1.606537e-02	 4.537458e-03	 1.069635e-02	 9.389291e-03	-6.069295e-04	 1.642175e-03	-7.838737e-04	-9.460428e-04	 2.379568e-03	-4.110302e-04	 7.272605e-04	-3.273112e-04	 2.904669e-03	 6.317593e-04	-1.243029e-03	 1.054136e-06	 3.305557e-07	-1.049468e-07	-5.461028e-06	-1.480310e-04	-4.556400e-04	-4.597355e-04	-4.386882e-04	-4.040404e-04	 5.897854e-09	-1.286838e-06	-1.933454e-01	
-3.504839e-04	-1.855991e-04	-1.557883e-07	-1.637079e-07	-4.264092e-07	-1.106382e-06	 4.874779e-06	-3.973715e-06	-9.372344e-03	-6.279015e-05	-8.722394e-04	 7.698619e-03	 1.457796e-02	 4.156039e-03	 1.316300e-02	 1.220476e-04	 1.474039e-03	-2.184830e-03	 3.513866e-03	 1.347353e-02	-1.662496e-04	 4.936653e-05	 7.529785e-04	 6.317593e-04	 6.455799e-03	 8.087969e-03	 6.592516e-07	-2.668713e-07	 5.375685e-06	-1.355705e-07	-3.704350e-04	 6.315175e-05	 6.126443e-05	 2.149775e-04	 3.430853e-05	 7.125538e-08	-1.001909e-05	-7.792321e-01	
-2.187734e-03	-2.004035e-04	-1.766882e-06	 1.205326e-05	-5.868290e-05	-5.782490e-05	-1.025729e-05	-6.617721e-05	 1.991807e-02	-6.831178e-04	-4.797103e-03	 2.886911e-02	 1.054740e-02	-1.751203e-02	-1.372917e-02	-4.801990e-03	-2.070296e-02	-7.014262e-03	-2.619684e-03	-4.102382e-03	-2.819496e-05	-8.738258e-04	 5.074331e-03	-1.243029e-03	 8.087969e-03	 7.105279e-02	-4.114842e-06	 4.140032e-06	 2.201620e-05	-7.627046e-05	-3.170932e-03	-6.442021e-03	-6.421570e-03	-6.647255e-03	-5.584228e-03	 3.345593e-08	-5.222364e-05	-8.184139e-01	
 1.439252e-06	 9.227392e-07	-1.262308e-09	 1.192076e-10	-1.773493e-08	 6.232635e-07	-9.664806e-08	 2.635609e-07	-2.590013e-04	 6.507088e-06	 9.151837e-05	 3.695994e-03	-1.881849e-04	 2.063066e-04	 2.754482e-04	 6.003967e-05	 1.642887e-04	-1.842954e-04	-6.340594e-05	 5.321895e-05	-3.561167e-07	 3.381572e-07	-8.235737e-07	 1.054136e-06	 6.592516e-07	-4.114842e-06	 3.708915e-07	 1.962994e-09	-1.377685e-09	-1.102392e-08	-3.140075e-06	-5.071941e-06	-5.017787e-06	-8.235361e-06	-3.068682e-06	-3.785324e-10	-4.639756e-08	 3.859329e-03	
-5.355328e-06	 1.199053e-06	-4.294284e-09	 3.555570e-08	-1.794271e-07	 1.683446e-07	-1.213653e-07	 8.299141e-08	 7.792016e-04	-6.019420e-07	-4.524458e-05	 9.498055e-04	 9.883674e-05	-3.935014e-04	-1.453143e-03	 4.063456e-06	-4.352156e-05	-4.031244e-05	 3.979456e-04	 8.897516e-04	-2.319273e-07	 1.123593e-07	-8.678187e-08	 3.305557e-07	-2.668713e-07	 4.140032e-06	 1.962994e-09	 4.015928e-07	-3.584822e-08	-2.322601e-07	-7.496422e-06	-1.898047e-05	-1.894689e-05	-2.022431e-05	-1.755180e-05	-2.112396e-10	-1.535535e-07	 5.012726e-03	
-1.850534e-05	 2.316424e-06	 8.478656e-09	-2.421003e-07	 1.054989e-06	 9.561118e-06	 4.305994e-08	-8.853227e-07	 4.905969e-04	-7.322343e-06	-8.119119e-05	 7.423386e-03	 1.365744e-03	 2.332611e-04	 1.506385e-03	 1.032523e-04	 9.838770e-06	 8.629139e-05	 1.820124e-04	 1.037650e-03	-2.412008e-06	-2.068236e-07	 5.446446e-06	-1.049468e-07	 5.375685e-06	 2.201620e-05	-1.377685e-09	-3.584822e-08	 5.873919e-06	 1.448293e-06	 2.995458e-06	 1.058825e-04	 1.053929e-04	 1.177057e-04	 1.016715e-04	-1.108343e-09	-3.144569e-07	 8.776513e-03	
 1.278718e-04	 3.865685e-05	 7.554653e-07	-1.079203e-05	 4.860717e-05	 1.333054e-05	 2.518840e-05	 1.788831e-05	-2.248314e-03	-7.668012e-05	-8.645629e-05	 4.483519e-03	-6.705497e-03	-6.240662e-03	-5.296199e-04	-3.345818e-04	 9.859459e-06	 1.855973e-04	-7.625272e-04	-2.815850e-04	 3.013265e-06	-1.904730e-06	 1.104538e-05	-5.461028e-06	-1.355705e-07	-7.627046e-05	-1.102392e-08	-2.322601e-07	 1.448293e-06	 6.602462e-05	 9.581629e-04	 4.890777e-03	 4.888512e-03	 4.937221e-03	 4.582889e-03	-9.360675e-09	 3.940124e-06	 1.453782e-01	
-7.091176e-04	 9.986448e-04	 4.304015e-05	-1.161033e-04	 8.763992e-04	 6.322156e-04	 3.430395e-04	 3.508036e-04	-1.938260e-01	 3.712505e-03	-2.070678e-03	-4.607720e-01	-3.342999e-01	-1.329230e-01	 5.924129e-02	-7.177266e-02	-8.454257e-03	-1.790289e-02	-5.043481e-02	-3.996769e-03	 1.456075e-04	-1.720907e-04	-4.941693e-04	-1.480310e-04	-3.704350e-04	-3.170932e-03	-3.140075e-06	-7.496422e-06	 2.995458e-06	 9.581629e-04	 9.105775e-02	 8.902694e-02	 8.899354e-02	 9.011404e-02	 8.383419e-02	-4.571206e-08	-1.605074e-05	 3.832834e+00	
-1.314301e-03	 2.564918e-03	 6.330986e-05	-7.844755e-04	 3.655466e-03	 1.167925e-03	 1.857719e-03	 1.369412e-03	-1.959287e-01	-4.382128e-03	-1.378126e-02	 2.793024e-01	-4.822679e-01	-4.294607e-01	 6.497433e-03	-5.202107e-02	-2.764146e-04	 8.935029e-03	-7.043241e-02	-3.102825e-02	 3.528078e-04	-1.598040e-04	 8.525804e-04	-4.556400e-04	 6.315175e-05	-6.442021e-03	-5.071941e-06	-1.898047e-05	 1.058825e-04	 4.890777e-03	 8.902694e-02	 6.437940e-01	 6.430931e-01	 6.629754e-01	 3.530528e-01	 1.131803e-06	 8.716169e-05	 9.469086e+00	
-1.106891e-03	 2.559104e-03	 6.328202e-05	-7.840700e-04	 3.653865e-03	 1.164467e-03	 1.857029e-03	 1.367611e-03	-1.959648e-01	-4.446098e-03	-1.364397e-02	 2.763103e-01	-4.841690e-01	-4.311752e-01	 5.861763e-03	-5.191410e-02	-3.734330e-04	 8.841185e-03	-7.069170e-02	-3.109886e-02	 3.501572e-04	-1.615770e-04	 8.460855e-04	-4.597355e-04	 6.126443e-05	-6.421570e-03	-5.017787e-06	-1.894689e-05	 1.053929e-04	 4.888512e-03	 8.899354e-02	 6.430931e-01	 6.424489e-01	 6.611943e-01	 3.524484e-01	 1.056096e-06	 9.042171e-05	 9.446739e+00	
-1.682919e-02	 3.058851e-03	 6.401016e-05	-7.914229e-04	 3.692304e-03	 1.235398e-03	 1.869961e-03	 1.397527e-03	-2.207605e-01	-3.675754e-03	-1.827145e-02	 2.986656e-01	-4.513047e-01	-3.956940e-01	 5.991459e-02	-5.509905e-02	-1.292862e-03	 1.343906e-02	-6.519902e-02	-8.762019e-03	 3.567484e-04	-1.415112e-04	 8.703101e-04	-4.386882e-04	 2.149775e-04	-6.647255e-03	-8.235361e-06	-2.022431e-05	 1.177057e-04	 4.937221e-03	 9.011404e-02	 6.629754e-01	 6.611943e-01	 7.181855e-01	 3.705700e-01	 3.689561e-06	-1.504050e-04	 1.154777e+01	
 9.167703e-04	 2.320627e-03	 5.948668e-05	-7.345922e-04	 3.427470e-03	 1.098617e-03	 1.740622e-03	 1.283081e-03	-1.919616e-01	-4.216384e-03	-8.127674e-03	 2.119384e-01	-4.987236e-01	-4.316950e-01	-4.077845e-03	-3.651397e-02	-3.357154e-03	 1.006792e-02	-5.952250e-02	-1.935726e-02	 2.074733e-04	-1.963675e-04	 5.841767e-04	-4.040404e-04	 3.430853e-05	-5.584228e-03	-3.068682e-06	-1.755180e-05	 1.016715e-04	 4.582889e-03	 8.383419e-02	 3.530528e-01	 3.524484e-01	 3.705700e-01	 3.293470e-01	 6.252768e-07	 1.194395e-04	 8.528205e+00	
-3.718458e-06	-5.869436e-07	-7.284070e-11	 1.706426e-09	-6.445135e-09	 3.989801e-10	-3.025515e-09	-4.370309e-10	-9.636974e-07	 1.396641e-07	 3.656041e-07	-3.407947e-07	 4.120410e-06	 5.428652e-06	 3.791485e-06	-3.229012e-07	-6.027937e-07	 4.291001e-07	 1.114680e-06	 9.534717e-07	-2.103936e-09	 3.571490e-10	-4.137488e-08	 5.897854e-09	 7.125538e-08	 3.345593e-08	-3.785324e-10	-2.112396e-10	-1.108343e-09	-9.360675e-09	-4.571206e-08	 1.131803e-06	 1.056096e-06	 3.689561e-06	 6.252768e-07	 4.873148e-10	-9.095004e-08	-2.476367e-03	
 4.128591e-03	 6.608436e-05	 1.550986e-08	-7.539334e-07	 2.587264e-06	-6.658696e-06	 3.266587e-06	-1.950877e-06	-2.609352e-03	 2.916314e-05	 9.540812e-06	-8.519939e-03	-1.138292e-04	 1.355257e-03	 3.197056e-03	-5.387452e-04	 7.260395e-04	 5.835221e-04	-6.337544e-05	 6.517929e-04	 6.651991e-06	 3.570883e-06	 1.119611e-05	-1.286838e-06	-1.001909e-05	-5.222364e-05	-4.639756e-08	-1.535535e-07	-3.144569e-07	 3.940124e-06	-1.605074e-05	 8.716169e-05	 9.042171e-05	-1.504050e-04	 1.194395e-04	-9.095004e-08	 1.133156e-04	 2.814926e-01	
 2.124201e+00	 1.113535e+01	 2.453083e-03	-2.455615e-02	 1.080600e-01	 1.026317e-01	 3.724214e-02	 6.902477e-02	-4.570704e+00	-1.983858e+00	-8.298971e+00	 1.432729e+02	-2.641695e+01	-6.797976e+01	-4.564908e+01	 5.159871e+00	 4.370334e+00	-6.268634e+00	-7.614010e+00	 2.769164e+01	-5.258262e-02	-8.668388e-02	 4.338579e-01	-1.933454e-01	-7.792321e-01	-8.184139e-01	 3.859329e-03	 5.012726e-03	 8.776513e-03	 1.453782e-01	 3.832834e+00	 9.469086e+00	 9.446739e+00	 1.154777e+01	 8.528205e+00	-2.476367e-03	 2.814926e-01	 4.661807e+04	
