#           delta0,               zB,          omega_b,        omega_cdm,                h,     ln10^{10}A_s,              n_s,         tau_reio,        A_cib_217,        xi_sz_cib,             A_sz,     ps_A_100_100,     ps_A_143_143,     ps_A_143_217,     ps_A_217_217,         ksz_norm,     gal545_A_100,     gal545_A_143, gal545_A_143_217,     gal545_A_217,    galf_TE_A_100, galf_TE_A_100_143, galf_TE_A_100_217,    galf_TE_A_143, galf_TE_A_143_217,    galf_TE_A_217,       calib_100T,       calib_217T,         A_planck,               MB,     Omega_Lambda,              z_d,           z_reio,              YHe,              H0m,             H0l1,             H0l2,              H0R,             T0ef
 7.737582e-02	 6.307916e-03	-5.569934e-06	-1.719427e-05	 4.736999e-06	 7.811347e-04	-7.079664e-06	 3.567778e-04	-1.834183e-02	 1.325928e-03	-4.560214e-02	 4.967603e-01	 2.070403e-01	 5.204959e-02	 1.263636e-01	 9.557871e-03	 3.627266e-03	-1.439820e-02	-1.473529e-02	 1.696569e-02	 2.306008e-04	 3.333693e-04	 1.470366e-04	 8.625776e-04	 1.647684e-03	 3.629449e-03	-1.462585e-06	 4.349507e-06	 5.862551e-05	 2.113002e-04	 5.345162e-05	-1.439236e-02	 3.849550e-02	-2.225629e-06	-7.048943e-02	-6.740795e-02	-2.405155e-01	-6.252781e-02	-1.073790e-05	
 6.307916e-03	 1.141555e-02	-1.384690e-06	-1.295610e-06	 6.349948e-06	-1.604268e-04	 1.822611e-05	-4.622754e-05	-1.556020e-03	-6.479233e-04	-2.491342e-03	-4.278426e-02	-2.264509e-02	-2.291237e-02	-7.156440e-03	 9.686918e-03	 6.967578e-03	 7.264322e-03	 8.464750e-05	-2.744876e-03	 1.520152e-04	 8.257128e-07	-4.280613e-05	 1.756169e-04	 5.003463e-04	 9.725259e-04	-1.287574e-06	 5.013499e-07	-2.471475e-05	-5.871025e-04	 1.014337e-05	-3.239518e-03	-4.249569e-03	-5.446097e-07	-3.031411e-03	-3.117164e-03	-1.694522e-02	-3.172277e-03	-1.285616e-06	
-5.569934e-06	-1.384690e-06	 2.963111e-08	-5.593179e-08	 4.982055e-07	 8.073756e-07	 8.264468e-08	 3.327068e-07	-2.494300e-05	 1.936502e-08	-2.274629e-06	 1.666373e-05	-2.301090e-04	-1.670750e-04	-8.683430e-05	-3.942167e-05	-1.279050e-05	-1.909254e-05	-3.599764e-05	-3.775371e-05	 1.970336e-08	-9.441507e-08	-3.715308e-07	-2.382436e-07	-8.672187e-07	-3.954325e-06	 8.222624e-09	 1.931367e-09	 5.472050e-08	 3.123503e-06	 4.892287e-07	 6.400074e-05	 2.480547e-05	 1.145341e-08	 5.203303e-05	 5.209216e-05	 5.845073e-05	 5.005225e-05	 6.210792e-10	
-1.719427e-05	-1.295610e-06	-5.593179e-08	 1.402405e-06	-5.493954e-06	-5.130855e-07	-3.137926e-06	-1.928269e-06	 3.410065e-04	-1.060228e-05	 1.333404e-04	-2.337390e-03	 1.531319e-04	 5.352066e-04	 1.662445e-04	-5.933029e-05	-5.610414e-05	 6.680366e-05	-5.299392e-05	-2.693365e-04	-1.503110e-06	-1.265909e-07	-1.723873e-06	-4.634744e-07	 7.360711e-08	 1.243217e-05	-5.543571e-08	 4.114715e-10	-1.236271e-07	-4.133506e-06	-7.659545e-06	-2.627468e-05	-1.570073e-04	-2.162272e-08	-5.112867e-04	-5.155833e-04	-4.425907e-04	-4.874833e-04	 5.308947e-09	
 4.736999e-06	 6.349948e-06	 4.982055e-07	-5.493954e-06	 2.559369e-05	 8.975500e-06	 1.247860e-05	 9.292905e-06	-1.291546e-03	 3.584646e-05	-4.239763e-04	 9.243166e-03	-2.513531e-03	-3.433595e-03	-1.668756e-03	-1.599291e-04	-3.344930e-05	-3.139288e-04	 1.369752e-04	 1.040796e-03	 5.668578e-06	-1.161485e-06	 2.689927e-06	-1.081449e-06	-1.318243e-05	-8.636632e-05	 2.365496e-07	 3.368328e-08	 1.256136e-06	 6.611723e-05	 3.294107e-05	 7.450470e-04	 7.222421e-04	 1.922389e-07	 2.438651e-03	 2.453967e-03	 2.223433e-03	 2.330721e-03	-1.395027e-08	
 7.811347e-04	-1.604268e-04	 8.073756e-07	-5.130855e-07	 8.975500e-06	 4.084202e-04	 1.213066e-06	 1.824659e-04	-2.863222e-03	 7.473535e-05	-3.025947e-03	 3.275579e-02	 8.899790e-03	 5.012230e-03	 1.609706e-02	-7.812106e-03	-5.000320e-04	-9.745130e-04	-4.272072e-03	-2.214766e-03	-5.615188e-06	 8.580476e-06	 4.443818e-05	 6.939659e-06	 6.174799e-05	 1.091468e-04	 3.964794e-07	 4.504586e-08	 1.788346e-05	-2.992992e-04	 7.144115e-06	 1.643987e-03	 1.812409e-02	 3.173429e-07	-1.142312e-04	-1.010754e-04	-2.361592e-03	-5.663864e-05	-1.534788e-07	
-7.079664e-06	 1.822611e-05	 8.264468e-08	-3.137926e-06	 1.247860e-05	 1.213066e-06	 1.905356e-05	 5.136028e-06	-4.793396e-03	 1.858898e-04	-7.718668e-04	-7.553873e-03	-9.253259e-04	 3.289474e-03	 6.560107e-03	-2.759713e-03	 6.037522e-04	-3.738638e-04	-9.906794e-04	 6.879061e-04	 4.822847e-06	-2.465793e-06	-7.385755e-06	-1.527034e-06	 1.656978e-06	-2.395528e-05	 2.492506e-09	-7.756729e-08	 4.655703e-07	 2.466371e-05	 1.738265e-05	-3.959931e-05	 4.578102e-04	 3.164026e-08	 1.150646e-03	 1.162255e-03	 9.912579e-04	 1.100655e-03	-1.627835e-08	
 3.567778e-04	-4.622754e-05	 3.327068e-07	-1.928269e-06	 9.292905e-06	 1.824659e-04	 5.136028e-06	 9.401549e-05	-9.658897e-04	-2.142603e-05	-7.979208e-04	 7.491431e-03	 5.894694e-04	-5.647546e-04	 1.949597e-03	-2.630470e-03	 2.845546e-05	-3.293561e-05	-1.630916e-03	-2.750307e-03	-7.265915e-06	 1.757167e-06	 1.979668e-05	 1.073104e-06	 3.017514e-05	 3.076902e-05	 9.604015e-08	-1.091781e-07	-9.031901e-07	-9.606041e-05	 1.153356e-05	 5.358744e-04	 9.315653e-03	 1.298380e-07	 4.510701e-04	 4.605243e-04	-5.851044e-04	 4.490928e-04	-7.677805e-08	
-1.834183e-02	-1.556020e-03	-2.494300e-05	 3.410065e-04	-1.291546e-03	-2.863222e-03	-4.793396e-03	-9.658897e-04	 4.732611e+01	-4.432583e-01	-7.330934e-01	 4.323564e+01	 3.381538e+00	-1.149419e+01	-5.643051e+01	-1.835188e+00	 4.760228e-01	 4.680556e-01	-6.832346e+00	-3.620572e+01	 1.079067e-03	-6.956035e-03	-9.362692e-03	-1.355217e-02	-2.638050e-02	-8.862204e-03	-2.118323e-04	 7.370945e-04	-2.110892e-04	 2.379851e-02	-1.797051e-03	-3.254824e-02	-1.027145e-01	-9.481464e-06	-1.032351e-01	-1.009914e-01	-5.182000e-02	-9.303489e-02	 1.130815e-05	
 1.325928e-03	-6.479233e-04	 1.936502e-08	-1.060228e-05	 3.584646e-05	 7.473535e-05	 1.858898e-04	-2.142603e-05	-4.432583e-01	 8.309471e-02	-5.450182e-02	-5.516850e-01	 1.157153e+00	 2.029382e+00	 7.520175e-01	 2.183184e-02	-3.262170e-03	 6.950133e-03	 1.433056e-01	 2.058618e-01	-3.117233e-06	 1.466247e-04	 5.293910e-04	 3.220777e-05	 5.499130e-04	 1.623276e-03	 1.134990e-05	 7.898174e-06	 4.945991e-05	-2.840904e-04	 5.365470e-05	-6.728323e-04	-1.462223e-03	-5.083075e-09	 1.197992e-03	 1.448975e-03	-1.955716e-03	 1.593097e-03	-3.512093e-07	
-4.560214e-02	-2.491342e-03	-2.274629e-06	 1.333404e-04	-4.239763e-04	-3.025947e-03	-7.718668e-04	-7.979208e-04	-7.330934e-01	-5.450182e-02	 4.241711e+00	-3.801133e+01	-9.619656e+00	 2.488478e+00	-8.194870e-03	 1.930948e-01	-4.573712e-01	 8.880794e-02	 2.594333e+00	 3.195473e+00	-3.451793e-03	-3.490441e-03	 2.746079e-03	-7.007398e-03	-4.452092e-03	-3.628931e-03	 5.925295e-05	-3.636774e-05	-5.744628e-04	-2.867343e-04	-6.387837e-04	 5.535457e-03	-7.782353e-02	-1.201809e-06	 1.467603e-02	 1.211051e-02	 1.522931e-01	 1.140942e-02	 7.548288e-06	
 4.967603e-01	-4.278426e-02	 1.666373e-05	-2.337390e-03	 9.243166e-03	 3.275579e-02	-7.553873e-03	 7.491431e-03	 4.323564e+01	-5.516850e-01	-3.801133e+01	 9.322452e+02	 1.451128e+02	-8.741231e+00	-1.451668e+01	-1.723855e+01	-4.756047e+00	 5.717943e+00	-1.585549e+01	-3.215507e+01	 5.252251e-02	 3.078633e-02	-2.419459e-03	 3.974465e-02	-1.304095e-02	-1.637605e-01	 4.526831e-03	 4.403000e-04	 9.946745e-03	-1.159996e-01	 1.286387e-02	-1.428027e-01	 7.034293e-01	 1.014135e-05	 6.859793e-01	 6.765846e-01	-2.356310e-01	 6.230157e-01	-6.027187e-06	
 2.070403e-01	-2.264509e-02	-2.301090e-04	 1.531319e-04	-2.513531e-03	 8.899790e-03	-9.253259e-04	 5.894694e-04	 3.381538e+00	 1.157153e+00	-9.619656e+00	 1.451128e+02	 9.996232e+01	 6.030166e+01	 3.057965e+01	-1.433423e+01	 4.112684e-01	-1.445413e+00	 1.250260e+00	 1.388014e+00	 1.137089e-02	 1.020901e-02	 2.493782e-02	 1.494168e-02	 3.040471e-02	 6.903267e-02	 7.574172e-05	 3.030059e-04	 2.585787e-03	-6.267309e-02	-2.011322e-03	-5.210042e-01	 1.389794e-01	-8.910986e-05	-3.255723e-01	-3.309730e-01	-5.763562e-01	-3.229277e-01	-9.176944e-06	
 5.204959e-02	-2.291237e-02	-1.670750e-04	 5.352066e-04	-3.433595e-03	 5.012230e-03	 3.289474e-03	-5.647546e-04	-1.149419e+01	 2.029382e+00	 2.488478e+00	-8.741231e+00	 6.030166e+01	 9.544454e+01	 5.313901e+01	-1.229979e+01	-5.620874e-01	-7.696538e-01	 2.542268e+00	 4.421911e+00	-3.490688e-03	-2.711798e-04	 3.096919e-02	-6.831985e-03	 2.273828e-02	 1.002240e-01	 3.721547e-04	-8.135552e-05	 1.455165e-03	-3.930139e-02	-3.749420e-03	-3.458525e-01	 1.900231e-02	-6.485641e-05	-2.754177e-01	-2.824337e-01	-1.439492e-01	-2.705048e-01	 1.098375e-05	
 1.263636e-01	-7.156440e-03	-8.683430e-05	 1.662445e-04	-1.668756e-03	 1.609706e-02	 6.560107e-03	 1.949597e-03	-5.643051e+01	 7.520175e-01	-8.194870e-03	-1.451668e+01	 3.057965e+01	 5.313901e+01	 1.088230e+02	-1.027003e+01	-6.128819e-01	-1.239672e+00	 3.457235e+00	 3.296169e+01	-1.239269e-03	 7.180792e-03	 3.029561e-02	 1.767052e-02	 4.632333e-02	 7.945556e-02	 3.218180e-04	-1.268777e-03	 3.889183e-03	-6.037757e-02	-1.632621e-03	-1.903969e-01	 2.526432e-01	-3.336654e-05	-3.081344e-01	-3.080171e-01	-6.057822e-01	-2.955348e-01	-3.150066e-05	
 9.557871e-03	 9.686918e-03	-3.942167e-05	-5.933029e-05	-1.599291e-04	-7.812106e-03	-2.759713e-03	-2.630470e-03	-1.835188e+00	 2.183184e-02	 1.930948e-01	-1.723855e+01	-1.433423e+01	-1.229979e+01	-1.027003e+01	 7.802560e+00	-1.273034e-01	-1.784557e-01	-3.066898e-01	 1.906553e-01	-2.689452e-03	-1.327023e-03	-1.628052e-03	-2.048111e-03	-4.820610e-03	-3.246000e-03	 1.451243e-05	-4.743650e-05	-3.881041e-04	 5.131528e-03	 7.332230e-05	-9.260210e-02	-2.594383e-01	-1.524701e-05	-1.541917e-02	-1.479754e-02	-1.755352e-02	-1.505494e-02	-2.728391e-07	
 3.627266e-03	 6.967578e-03	-1.279050e-05	-5.610414e-05	-3.344930e-05	-5.000320e-04	 6.037522e-04	 2.845546e-05	 4.760228e-01	-3.262170e-03	-4.573712e-01	-4.756047e+00	 4.112684e-01	-5.620874e-01	-6.128819e-01	-1.273034e-01	 3.489921e+00	 5.706051e-01	-4.918032e-02	-3.847627e-01	 5.921464e-04	 2.644354e-03	-3.135300e-03	 4.096423e-03	 2.613385e-03	 8.130894e-04	 1.406032e-04	-2.563796e-05	-1.403992e-05	 1.310258e-02	 1.225687e-04	-3.377392e-02	 4.629318e-03	-4.682453e-06	-6.723804e-03	-7.155208e-03	-3.350411e-02	-7.786398e-03	 9.832450e-07	
-1.439820e-02	 7.264322e-03	-1.909254e-05	 6.680366e-05	-3.139288e-04	-9.745130e-04	-3.738638e-04	-3.293561e-05	 4.680556e-01	 6.950133e-03	 8.880794e-02	 5.717943e+00	-1.445413e+00	-7.696538e-01	-1.239672e+00	-1.784557e-01	 5.706051e-01	 3.318411e+00	 2.651169e+00	 2.443595e+00	-1.117249e-03	-6.166131e-04	-2.712553e-03	 3.738477e-04	-1.164649e-03	-1.547386e-02	-2.400772e-04	-8.667448e-05	-1.955104e-04	 6.392351e-03	-3.761152e-04	-3.927423e-02	 5.587059e-04	-7.285056e-06	 2.744881e-02	 2.230811e-02	 1.318019e-01	 1.832118e-02	 7.837050e-06	
-1.473529e-02	 8.464750e-05	-3.599764e-05	-5.299392e-05	 1.369752e-04	-4.272072e-03	-9.906794e-04	-1.630916e-03	-6.832346e+00	 1.433056e-01	 2.594333e+00	-1.585549e+01	 1.250260e+00	 2.542268e+00	 3.457235e+00	-3.066898e-01	-4.918032e-02	 2.651169e+00	 1.141713e+01	 2.075631e+01	-7.901899e-05	 2.058000e-03	 6.247935e-03	 7.659045e-04	 3.273457e-03	-2.150350e-02	-1.030062e-04	 4.276424e-04	-7.859437e-05	-1.679000e-02	 3.074604e-04	-8.466945e-02	-1.498572e-01	-1.438905e-05	 5.914267e-02	 5.413846e-02	 1.510556e-01	 4.791696e-02	 3.105305e-06	
 1.696569e-02	-2.744876e-03	-3.775371e-05	-2.693365e-04	 1.040796e-03	-2.214766e-03	 6.879061e-04	-2.750307e-03	-3.620572e+01	 2.058618e-01	 3.195473e+00	-3.215507e+01	 1.388014e+00	 4.421911e+00	 3.296169e+01	 1.906553e-01	-3.847627e-01	 2.443595e+00	 2.075631e+01	 5.800599e+01	 3.204530e-03	 9.074218e-03	 1.257588e-02	 1.073688e-02	 1.571020e-02	-1.965611e-02	-3.993278e-05	 9.850086e-04	 2.024460e-03	-5.978608e-02	 1.549957e-03	-1.028049e-01	-2.530149e-01	-1.489382e-05	 1.326297e-01	 1.236274e-01	 1.526215e-01	 1.104408e-01	-2.485655e-06	
 2.306008e-04	 1.520152e-04	 1.970336e-08	-1.503110e-06	 5.668578e-06	-5.615188e-06	 4.822847e-06	-7.265915e-06	 1.079067e-03	-3.117233e-06	-3.451793e-03	 5.252251e-02	 1.137089e-02	-3.490688e-03	-1.239269e-03	-2.689452e-03	 5.921464e-04	-1.117249e-03	-7.901899e-05	 3.204530e-03	 1.538338e-03	 2.901777e-04	 7.673849e-05	-3.367697e-04	-8.640526e-05	-4.527206e-05	 1.047381e-06	 1.189006e-06	 5.112250e-06	-1.087426e-04	 8.095963e-06	-5.738292e-05	-7.499095e-04	 8.539177e-09	-6.602577e-05	-1.231596e-05	-1.254803e-03	-3.897418e-06	-1.239360e-07	
 3.333693e-04	 8.257128e-07	-9.441507e-08	-1.265909e-07	-1.161485e-06	 8.580476e-06	-2.465793e-06	 1.757167e-06	-6.956035e-03	 1.466247e-04	-3.490441e-03	 3.078633e-02	 1.020901e-02	-2.711798e-04	 7.180792e-03	-1.327023e-03	 2.644354e-03	-6.166131e-04	 2.058000e-03	 9.074218e-03	 2.901777e-04	 9.104418e-04	 8.911849e-05	 8.347754e-04	 1.958545e-04	-4.609475e-04	 8.516273e-07	 4.877116e-07	 1.345706e-06	-5.772817e-05	-7.852635e-07	-2.311186e-04	 1.698291e-04	-3.606414e-08	-8.240594e-04	-7.624810e-04	-2.208601e-03	-6.969296e-04	-1.202627e-07	
 1.470366e-04	-4.280613e-05	-3.715308e-07	-1.723873e-06	 2.689927e-06	 4.443818e-05	-7.385755e-06	 1.979668e-05	-9.362692e-03	 5.293910e-04	 2.746079e-03	-2.419459e-03	 2.493782e-02	 3.096919e-02	 3.029561e-02	-1.628052e-03	-3.135300e-03	-2.712553e-03	 6.247935e-03	 1.257588e-02	 7.673849e-05	 8.911849e-05	 7.586415e-03	-1.958828e-04	 6.503105e-04	 4.518491e-03	 2.626953e-07	 1.357522e-07	 4.170817e-06	-1.693108e-04	 6.786162e-06	-9.973835e-04	 2.062301e-03	-1.388077e-07	 3.228639e-04	 3.095928e-04	-6.442479e-04	 3.088302e-04	 1.281859e-07	
 8.625776e-04	 1.756169e-04	-2.382436e-07	-4.634744e-07	-1.081449e-06	 6.939659e-06	-1.527034e-06	 1.073104e-06	-1.355217e-02	 3.220777e-05	-7.007398e-03	 3.974465e-02	 1.494168e-02	-6.831985e-03	 1.767052e-02	-2.048111e-03	 4.096423e-03	 3.738477e-04	 7.659045e-04	 1.073688e-02	-3.367697e-04	 8.347754e-04	-1.958828e-04	 3.126222e-03	 7.676875e-04	-9.180899e-04	 7.010547e-07	-5.525697e-07	 1.967487e-06	 8.590307e-05	 2.234408e-07	-5.874841e-04	 7.405146e-05	-9.285078e-08	-1.061025e-03	-9.698735e-04	-3.385003e-03	-8.841903e-04	-1.169905e-07	
 1.647684e-03	 5.003463e-04	-8.672187e-07	 7.360711e-08	-1.318243e-05	 6.174799e-05	 1.656978e-06	 3.017514e-05	-2.638050e-02	 5.499130e-04	-4.452092e-03	-1.304095e-02	 3.040471e-02	 2.273828e-02	 4.632333e-02	-4.820610e-03	 2.613385e-03	-1.164649e-03	 3.273457e-03	 1.571020e-02	-8.640526e-05	 1.958545e-04	 6.503105e-04	 7.676875e-04	 7.081649e-03	 8.101523e-03	 1.142766e-06	-1.669013e-06	 2.418861e-06	-1.399010e-04	-1.009422e-05	-2.032540e-03	 3.113657e-03	-3.347741e-07	-3.546322e-03	-3.437622e-03	-9.001091e-03	-3.247385e-03	-3.473009e-07	
 3.629449e-03	 9.725259e-04	-3.954325e-06	 1.243217e-05	-8.636632e-05	 1.091468e-04	-2.395528e-05	 3.076902e-05	-8.862204e-03	 1.623276e-03	-3.628931e-03	-1.637605e-01	 6.903267e-02	 1.002240e-01	 7.945556e-02	-3.246000e-03	 8.130894e-04	-1.547386e-02	-2.150350e-02	-1.965611e-02	-4.527206e-05	-4.609475e-04	 4.518491e-03	-9.180899e-04	 8.101523e-03	 7.557623e-02	 5.798640e-06	-4.309356e-06	 1.502653e-05	-1.434450e-03	-9.286889e-05	-8.258588e-03	 4.406003e-03	-1.542793e-06	-1.380792e-02	-1.342688e-02	-2.470813e-02	-1.251998e-02	-8.064424e-07	
-1.462585e-06	-1.287574e-06	 8.222624e-09	-5.543571e-08	 2.365496e-07	 3.964794e-07	 2.492506e-09	 9.604015e-08	-2.118323e-04	 1.134990e-05	 5.925295e-05	 4.526831e-03	 7.574172e-05	 3.721547e-04	 3.218180e-04	 1.451243e-05	 1.406032e-04	-2.400772e-04	-1.030062e-04	-3.993278e-05	 1.047381e-06	 8.516273e-07	 2.626953e-07	 7.010547e-07	 1.142766e-06	 5.798640e-06	 4.049252e-07	 1.241792e-10	 8.806125e-08	-3.614444e-06	 3.067892e-07	 1.481680e-05	 5.910684e-06	 3.172077e-09	 2.625318e-05	 2.651963e-05	 3.638674e-05	 2.501246e-05	 1.854376e-10	
 4.349507e-06	 5.013499e-07	 1.931367e-09	 4.114715e-10	 3.368328e-08	 4.504586e-08	-7.756729e-08	-1.091781e-07	 7.370945e-04	 7.898174e-06	-3.636774e-05	 4.403000e-04	 3.030059e-04	-8.135552e-05	-1.268777e-03	-4.743650e-05	-2.563796e-05	-8.667448e-05	 4.276424e-04	 9.850086e-04	 1.189006e-06	 4.877116e-07	 1.357522e-07	-5.525697e-07	-1.669013e-06	-4.309356e-06	 1.241792e-10	 4.069758e-07	 8.522260e-08	-1.868407e-06	 2.381026e-08	 4.584827e-06	-1.105437e-05	 7.632852e-10	-3.835031e-06	-3.637331e-06	-2.343750e-05	-3.245687e-06	-7.055038e-10	
 5.862551e-05	-2.471475e-05	 5.472050e-08	-1.236271e-07	 1.256136e-06	 1.788346e-05	 4.655703e-07	-9.031901e-07	-2.110892e-04	 4.945991e-05	-5.744628e-04	 9.946745e-03	 2.585787e-03	 1.455165e-03	 3.889183e-03	-3.881041e-04	-1.403992e-05	-1.955104e-04	-7.859437e-05	 2.024460e-03	 5.112250e-06	 1.345706e-06	 4.170817e-06	 1.967487e-06	 2.418861e-06	 1.502653e-05	 8.806125e-08	 8.522260e-08	 9.474652e-06	-4.880494e-05	 1.190145e-06	 1.176974e-04	-9.208216e-05	 2.255233e-08	 6.962222e-05	 7.057736e-05	-7.260224e-05	 6.870464e-05	-4.493671e-09	
 2.113002e-04	-5.871025e-04	 3.123503e-06	-4.133506e-06	 6.611723e-05	-2.992992e-04	 2.466371e-05	-9.606041e-05	 2.379851e-02	-2.840904e-04	-2.867343e-04	-1.159996e-01	-6.267309e-02	-3.930139e-02	-6.037757e-02	 5.131528e-03	 1.310258e-02	 6.392351e-03	-1.679000e-02	-5.978608e-02	-1.087426e-04	-5.772817e-05	-1.693108e-04	 8.590307e-05	-1.399010e-04	-1.434450e-03	-3.614444e-06	-1.868407e-06	-4.880494e-05	 5.768800e-02	 5.886269e-05	 6.999553e-03	-1.081652e-02	 1.192498e-06	 1.029388e-02	 9.984594e-03	 1.534798e-02	 9.482084e-03	 8.116223e-07	
 5.345162e-05	 1.014337e-05	 4.892287e-07	-7.659545e-06	 3.294107e-05	 7.144115e-06	 1.738265e-05	 1.153356e-05	-1.797051e-03	 5.365470e-05	-6.387837e-04	 1.286387e-02	-2.011322e-03	-3.749420e-03	-1.632621e-03	 7.332230e-05	 1.225687e-04	-3.761152e-04	 3.074604e-04	 1.549957e-03	 8.095963e-06	-7.852635e-07	 6.786162e-06	 2.234408e-07	-1.009422e-05	-9.286889e-05	 3.067892e-07	 2.381026e-08	 1.190145e-06	 5.886269e-05	 4.400530e-05	 5.664736e-04	 9.154277e-04	 1.888160e-07	 3.101089e-03	 3.123512e-03	 2.750220e-03	 2.960710e-03	-2.510175e-08	
-1.439236e-02	-3.239518e-03	 6.400074e-05	-2.627468e-05	 7.450470e-04	 1.643987e-03	-3.959931e-05	 5.358744e-04	-3.254824e-02	-6.728323e-04	 5.535457e-03	-1.428027e-01	-5.210042e-01	-3.458525e-01	-1.903969e-01	-9.260210e-02	-3.377392e-02	-3.927423e-02	-8.466945e-02	-1.028049e-01	-5.738292e-05	-2.311186e-04	-9.973835e-04	-5.874841e-04	-2.032540e-03	-8.258588e-03	 1.481680e-05	 4.584827e-06	 1.176974e-04	 6.999553e-03	 5.664736e-04	 1.452182e-01	 3.677357e-02	 2.473508e-05	 8.271156e-02	 8.253444e-02	 1.032171e-01	 7.987084e-02	 1.876113e-06	
 3.849550e-02	-4.249569e-03	 2.480547e-05	-1.570073e-04	 7.222421e-04	 1.812409e-02	 4.578102e-04	 9.315653e-03	-1.027145e-01	-1.462223e-03	-7.782353e-02	 7.034293e-01	 1.389794e-01	 1.900231e-02	 2.526432e-01	-2.594383e-01	 4.629318e-03	 5.587059e-04	-1.498572e-01	-2.530149e-01	-7.499095e-04	 1.698291e-04	 2.062301e-03	 7.405146e-05	 3.113657e-03	 4.406003e-03	 5.910684e-06	-1.105437e-05	-9.208216e-05	-1.081652e-02	 9.154277e-04	 3.677357e-02	 9.283468e-01	 9.673980e-06	 2.213024e-02	 2.295721e-02	-8.902695e-02	 2.292838e-02	-7.986420e-06	
-2.225629e-06	-5.446097e-07	 1.145341e-08	-2.162272e-08	 1.922389e-07	 3.173429e-07	 3.164026e-08	 1.298380e-07	-9.481464e-06	-5.083075e-09	-1.201809e-06	 1.014135e-05	-8.910986e-05	-6.485641e-05	-3.336654e-05	-1.524701e-05	-4.682453e-06	-7.285056e-06	-1.438905e-05	-1.489382e-05	 8.539177e-09	-3.606414e-08	-1.388077e-07	-9.285078e-08	-3.347741e-07	-1.542793e-06	 3.172077e-09	 7.632852e-10	 2.255233e-08	 1.192498e-06	 1.888160e-07	 2.473508e-05	 9.673980e-06	 4.437236e-09	 2.030311e-05	 2.030898e-05	 2.329822e-05	 1.949788e-05	 2.644174e-10	
-7.048943e-02	-3.031411e-03	 5.203303e-05	-5.112867e-04	 2.438651e-03	-1.142312e-04	 1.150646e-03	 4.510701e-04	-1.032351e-01	 1.197992e-03	 1.467603e-02	 6.859793e-01	-3.255723e-01	-2.754177e-01	-3.081344e-01	-1.541917e-02	-6.723804e-03	 2.744881e-02	 5.914267e-02	 1.326297e-01	-6.602577e-05	-8.240594e-04	 3.228639e-04	-1.061025e-03	-3.546322e-03	-1.380792e-02	 2.625318e-05	-3.835031e-06	 6.962222e-05	 1.029388e-02	 3.101089e-03	 8.271156e-02	 2.213024e-02	 2.030311e-05	 4.698701e-01	 4.534391e-01	 9.206970e-01	 4.208364e-01	 3.344711e-05	
-6.740795e-02	-3.117164e-03	 5.209216e-05	-5.155833e-04	 2.453967e-03	-1.010754e-04	 1.162255e-03	 4.605243e-04	-1.009914e-01	 1.448975e-03	 1.211051e-02	 6.765846e-01	-3.309730e-01	-2.824337e-01	-3.080171e-01	-1.479754e-02	-7.155208e-03	 2.230811e-02	 5.413846e-02	 1.236274e-01	-1.231596e-05	-7.624810e-04	 3.095928e-04	-9.698735e-04	-3.437622e-03	-1.342688e-02	 2.651963e-05	-3.637331e-06	 7.057736e-05	 9.984594e-03	 3.123512e-03	 8.253444e-02	 2.295721e-02	 2.030898e-05	 4.534391e-01	 4.388468e-01	 8.716712e-01	 4.080025e-01	 3.093303e-05	
-2.405155e-01	-1.694522e-02	 5.845073e-05	-4.425907e-04	 2.223433e-03	-2.361592e-03	 9.912579e-04	-5.851044e-04	-5.182000e-02	-1.955716e-03	 1.522931e-01	-2.356310e-01	-5.763562e-01	-1.439492e-01	-6.057822e-01	-1.755352e-02	-3.350411e-02	 1.318019e-01	 1.510556e-01	 1.526215e-01	-1.254803e-03	-2.208601e-03	-6.442479e-04	-3.385003e-03	-9.001091e-03	-2.470813e-02	 3.638674e-05	-2.343750e-05	-7.260224e-05	 1.534798e-02	 2.750220e-03	 1.032171e-01	-8.902695e-02	 2.329822e-05	 9.206970e-01	 8.716712e-01	 2.417725e+00	 7.988904e-01	 9.136037e-05	
-6.252781e-02	-3.172277e-03	 5.005225e-05	-4.874833e-04	 2.330721e-03	-5.663864e-05	 1.100655e-03	 4.490928e-04	-9.303489e-02	 1.593097e-03	 1.140942e-02	 6.230157e-01	-3.229277e-01	-2.705048e-01	-2.955348e-01	-1.505494e-02	-7.786398e-03	 1.832118e-02	 4.791696e-02	 1.104408e-01	-3.897418e-06	-6.969296e-04	 3.088302e-04	-8.841903e-04	-3.247385e-03	-1.251998e-02	 2.501246e-05	-3.245687e-06	 6.870464e-05	 9.482084e-03	 2.960710e-03	 7.987084e-02	 2.292838e-02	 1.949788e-05	 4.208364e-01	 4.080025e-01	 7.988904e-01	 3.799213e-01	 2.830366e-05	
-1.073790e-05	-1.285616e-06	 6.210792e-10	 5.308947e-09	-1.395027e-08	-1.534788e-07	-1.627835e-08	-7.677805e-08	 1.130815e-05	-3.512093e-07	 7.548288e-06	-6.027187e-06	-9.176944e-06	 1.098375e-05	-3.150066e-05	-2.728391e-07	 9.832450e-07	 7.837050e-06	 3.105305e-06	-2.485655e-06	-1.239360e-07	-1.202627e-07	 1.281859e-07	-1.169905e-07	-3.473009e-07	-8.064424e-07	 1.854376e-10	-7.055038e-10	-4.493671e-09	 8.116223e-07	-2.510175e-08	 1.876113e-06	-7.986420e-06	 2.644174e-10	 3.344711e-05	 3.093303e-05	 9.136037e-05	 2.830366e-05	 7.068392e-09	
