#           delta0,               zB,          omega_b,        omega_cdm,                h,     ln10^{10}A_s,              n_s,         tau_reio,        A_cib_217,        xi_sz_cib,             A_sz,     ps_A_100_100,     ps_A_143_143,     ps_A_143_217,     ps_A_217_217,         ksz_norm,     gal545_A_100,     gal545_A_143, gal545_A_143_217,     gal545_A_217,    galf_TE_A_100, galf_TE_A_100_143, galf_TE_A_100_217,    galf_TE_A_143, galf_TE_A_143_217,    galf_TE_A_217,       calib_100T,       calib_217T,         A_planck,               MB,     Omega_Lambda,              z_d,           z_reio,              YHe,              H0m,             H0l1,             H0l2,              H0R,             T0ef
 7.728846e-02	 6.578826e-03	 4.563028e-07	-3.610369e-05	 1.311687e-04	 3.559967e-04	 2.627555e-04	 2.074823e-04	-4.311033e-02	 1.780597e-03	-3.661963e-02	 1.285486e-01	 9.777470e-02	 1.994704e-02	 1.571264e-01	-7.525523e-02	 9.431047e-04	 3.843651e-03	-8.297436e-03	-2.955424e-02	 4.813917e-04	-4.038603e-04	 1.191748e-03	-8.486190e-04	 1.353804e-03	 1.038351e-02	-9.388851e-07	-2.895660e-06	 2.295624e-05	 6.895609e-04	 1.893731e-04	-1.768020e-03	 1.995036e-02	 1.606579e-07	-4.298126e-02	-4.000655e-02	-1.673097e-01	-3.675677e-02	-1.029336e-05	
 6.578826e-03	 1.310134e-02	 1.045883e-07	-1.563656e-05	 6.614830e-05	-7.257348e-05	 3.701391e-05	 1.997984e-05	-2.351921e-02	-9.263550e-04	-9.986355e-04	 4.251638e-02	-2.523099e-02	-4.566001e-02	 1.820764e-03	 1.414685e-02	-2.156308e-03	 1.123748e-02	 1.237142e-02	 2.481090e-02	-6.637037e-06	-1.380071e-04	 3.761945e-04	-3.626055e-04	 1.968821e-04	 1.810557e-03	-1.205656e-06	-5.752422e-07	-3.142445e-05	-3.322298e-04	 9.199583e-05	-9.023693e-04	 1.762506e-03	 4.667471e-08	 4.119187e-03	 4.073819e-03	-2.696184e-03	 3.643398e-03	-1.672792e-06	
 4.563028e-07	 1.045883e-07	 2.378856e-08	-7.892972e-08	 5.371962e-07	-1.080176e-07	 1.325834e-07	 6.968081e-08	-2.981318e-05	 1.766957e-06	-5.160776e-07	-2.290325e-04	-1.352217e-04	-7.129816e-05	-9.436807e-05	-1.647780e-05	 8.448636e-06	-8.353432e-06	-2.582954e-05	-4.034856e-05	-2.742540e-07	-9.801488e-08	-4.584965e-07	-5.676893e-07	-8.305428e-07	-2.462053e-06	 1.094356e-09	-3.051579e-09	-8.191477e-08	 1.214886e-06	 5.977012e-07	 4.934528e-05	 6.425442e-07	 9.278969e-09	 5.596538e-05	 5.573855e-05	 6.011823e-05	 5.305266e-05	 2.233684e-10	
-3.610369e-05	-1.563656e-05	-7.892972e-08	 1.286448e-06	-5.528064e-06	 9.681234e-07	-2.885109e-06	-1.111277e-06	-2.377142e-04	-2.405825e-06	-9.430567e-05	 1.434199e-03	 9.499663e-04	 4.613536e-04	 8.119918e-04	 2.748667e-05	-7.741260e-05	 6.177998e-05	 9.549542e-05	 3.070287e-04	 1.834810e-06	-2.436072e-07	 4.766618e-06	 9.609653e-07	 6.464603e-06	 1.689498e-05	-1.414407e-08	-6.866233e-09	 3.154546e-08	-2.530400e-06	-7.522227e-06	-8.927395e-05	-7.703594e-05	-3.100309e-08	-5.492113e-04	-5.481170e-04	-5.371915e-04	-5.163078e-04	 2.608855e-09	
 1.311687e-04	 6.614830e-05	 5.371962e-07	-5.528064e-06	 2.738558e-05	-2.779364e-06	 1.265134e-05	 5.745919e-06	 8.449283e-04	 1.523379e-05	 3.053582e-04	-6.287053e-03	-4.434483e-03	-2.437072e-03	-4.172428e-03	-2.092175e-04	 4.663517e-04	-2.133982e-04	-6.554947e-04	-1.769855e-03	-1.028334e-05	 3.394360e-07	-1.982326e-05	-7.808818e-06	-3.271366e-05	-8.635722e-05	 6.539953e-08	-2.419154e-08	-1.090128e-06	 2.214612e-05	 3.513411e-05	 8.411294e-04	 3.872479e-04	 2.102449e-07	 2.736598e-03	 2.730271e-03	 2.722958e-03	 2.580399e-03	-1.164858e-08	
 3.559967e-04	-7.257348e-05	-1.080176e-07	 9.681234e-07	-2.779364e-06	 3.127854e-04	 2.591860e-06	 1.378469e-04	-4.335998e-03	 4.126979e-04	-3.598594e-03	 2.480510e-02	 2.136623e-02	 1.524769e-02	 2.097956e-02	-6.632915e-03	 5.830405e-05	-1.177167e-03	-2.485838e-03	 2.164114e-03	 1.539568e-05	-3.577049e-06	 2.025311e-05	-2.692244e-05	 7.916115e-05	 9.593567e-05	-3.176169e-08	-1.814913e-07	 1.511325e-05	 5.261894e-05	-4.182453e-06	-3.106778e-04	 1.407771e-02	-3.879989e-08	-8.558840e-04	-8.174142e-04	-2.114604e-03	-7.525902e-04	-7.833556e-08	
 2.627555e-04	 3.701391e-05	 1.325834e-07	-2.885109e-06	 1.265134e-05	 2.591860e-06	 1.765867e-05	 6.332191e-06	-4.052935e-03	 1.492907e-04	-9.879175e-05	-1.693047e-02	-3.362903e-03	 3.071090e-03	 5.270112e-03	-2.819604e-03	 1.062633e-03	-3.891166e-04	-1.325188e-03	-5.656381e-04	-1.441146e-06	-2.266431e-06	-2.280611e-05	 2.312075e-06	-1.658541e-05	-3.069534e-05	-1.065704e-07	-8.639612e-08	-6.278290e-07	 1.222250e-05	 1.716974e-05	 9.329878e-05	 5.707392e-04	 5.193659e-08	 1.102355e-03	 1.109626e-03	 7.717033e-04	 1.048569e-03	-3.700677e-08	
 2.074823e-04	 1.997984e-05	 6.968081e-08	-1.111277e-06	 5.745919e-06	 1.378469e-04	 6.332191e-06	 7.095082e-05	-2.762814e-03	 1.582860e-04	-1.298333e-03	 1.315412e-03	 4.538422e-03	 3.723356e-03	 6.306643e-03	-2.576075e-03	 5.375780e-04	-6.505906e-05	-1.067007e-03	-2.290959e-04	 1.662708e-06	-3.110330e-06	 2.205169e-06	-1.397726e-05	 2.192259e-05	-1.567779e-05	-1.107628e-07	-6.765989e-08	-7.943464e-07	 3.707921e-05	 7.447965e-06	 1.443703e-05	 7.197696e-03	 2.909309e-08	 2.697478e-04	 2.888620e-04	-4.206892e-04	 2.833831e-04	-4.067655e-08	
-4.311033e-02	-2.351921e-02	-2.981318e-05	-2.377142e-04	 8.449283e-04	-4.335998e-03	-4.052935e-03	-2.762814e-03	 4.669729e+01	-4.371101e-01	-1.474977e+00	 5.285971e+01	 5.267717e+00	-1.255572e+01	-5.464832e+01	-1.598793e+00	-3.122883e-01	 1.057430e+00	-6.549900e+00	-3.596405e+01	 4.435312e-04	 1.001807e-02	 3.008121e-02	 9.931898e-03	 2.135409e-02	 9.300953e-02	-3.188091e-04	 5.617105e-04	 1.163321e-03	-8.628556e-03	 1.363275e-03	-8.340276e-02	-2.812485e-01	-1.172340e-05	 9.612802e-03	 1.549615e-02	-1.850710e-01	 1.778013e-02	 1.540274e-06	
 1.780597e-03	-9.263550e-04	 1.766957e-06	-2.405825e-06	 1.523379e-05	 4.126979e-04	 1.492907e-04	 1.582860e-04	-4.371101e-01	 8.050357e-02	-5.021165e-02	-9.728246e-01	 1.067298e+00	 1.994681e+00	 7.621542e-01	 1.281281e-02	 8.023567e-03	-2.503941e-03	 9.777185e-02	 1.399477e-01	-3.965778e-04	-1.912217e-04	-8.295238e-04	 2.611398e-05	-2.322252e-04	-7.882289e-04	 3.892091e-06	-1.404763e-06	 3.063820e-05	-2.354111e-04	 1.521493e-05	 3.769415e-03	 1.571159e-02	 6.775418e-07	 5.845298e-03	 5.752119e-03	 1.606380e-02	 5.510800e-03	 5.627922e-07	
-3.661963e-02	-9.986355e-04	-5.160776e-07	-9.430567e-05	 3.053582e-04	-3.598594e-03	-9.879175e-05	-1.298333e-03	-1.474977e+00	-5.021165e-02	 4.046987e+00	-3.822080e+01	-9.722980e+00	 2.372869e+00	 1.110537e+00	 2.933596e-01	-3.739568e-01	-3.661934e-02	 2.501905e+00	 3.484617e+00	-6.268942e-04	-1.109185e-03	-8.925138e-03	-1.250810e-03	-4.344896e-03	-2.801390e-02	 1.176045e-04	-3.835985e-05	-6.899170e-05	 5.703935e-03	 4.847877e-04	-6.548381e-03	-1.286338e-01	 1.061317e-07	 8.668812e-02	 8.219076e-02	 2.148319e-01	 7.553656e-02	 7.377673e-06	
 1.285486e-01	 4.251638e-02	-2.290325e-04	 1.434199e-03	-6.287053e-03	 2.480510e-02	-1.693047e-02	 1.315412e-03	 5.285971e+01	-9.728246e-01	-3.822080e+01	 1.002703e+03	 1.451062e+02	-2.137814e+01	-2.731019e+01	-1.691064e+01	-8.234938e+00	 9.448438e+00	-1.454990e+01	-3.445208e+01	-1.275970e-02	 1.610130e-02	 1.347288e-01	 4.592633e-02	 7.933641e-02	 4.015411e-01	 4.286375e-03	 2.704101e-04	 7.404811e-03	-5.283193e-02	-8.175227e-03	-4.277497e-01	 2.098996e-01	-9.089917e-05	-1.473343e+00	-1.407938e+00	-3.288544e+00	-1.302395e+00	-1.038118e-04	
 9.777470e-02	-2.523099e-02	-1.352217e-04	 9.499663e-04	-4.434483e-03	 2.136623e-02	-3.362903e-03	 4.538422e-03	 5.267717e+00	 1.067298e+00	-9.722980e+00	 1.451062e+02	 1.015513e+02	 5.924730e+01	 3.056734e+01	-1.595960e+01	-1.468599e-01	-1.730015e+00	-2.498477e-03	-1.078044e+00	-1.804985e-03	 6.535459e-04	 3.329783e-02	 2.663836e-03	 4.300203e-02	 9.617054e-02	 6.313484e-05	 6.166878e-05	 3.113665e-03	-3.607080e-02	-5.742475e-03	-2.497972e-01	 4.971090e-01	-5.453685e-05	-6.108662e-01	-6.047686e-01	-1.112098e+00	-5.700117e-01	-6.839236e-06	
 1.994704e-02	-4.566001e-02	-7.129816e-05	 4.613536e-04	-2.437072e-03	 1.524769e-02	 3.071090e-03	 3.723356e-03	-1.255572e+01	 1.994681e+00	 2.372869e+00	-2.137814e+01	 5.924730e+01	 9.450236e+01	 5.538770e+01	-1.286112e+01	-6.147500e-01	-1.710774e+00	 1.646281e+00	 3.989106e+00	-1.304307e-02	-7.221025e-03	-1.106190e-02	 5.423024e-03	 1.797715e-02	-9.896117e-03	 2.830254e-04	-3.773212e-04	 2.052744e-03	-9.853469e-03	-3.014063e-03	-1.358624e-01	 4.021485e-01	-2.865018e-05	-1.872929e-01	-1.903243e-01	-9.525208e-02	-1.807894e-01	 1.648937e-05	
 1.571264e-01	 1.820764e-03	-9.436807e-05	 8.119918e-04	-4.172428e-03	 2.097956e-02	 5.270112e-03	 6.306643e-03	-5.464832e+01	 7.621542e-01	 1.110537e+00	-2.731019e+01	 3.056734e+01	 5.538770e+01	 1.061551e+02	-1.099969e+01	-1.084648e-01	-2.236240e+00	 3.361192e+00	 3.195614e+01	-4.697340e-03	-1.203485e-02	-8.361348e-03	-1.191017e-03	 9.287062e-03	-4.787275e-02	 4.309688e-04	-1.269037e-03	 1.671046e-03	-8.009285e-03	-5.306189e-03	-1.667872e-01	 6.732962e-01	-3.737244e-05	-5.011473e-01	-5.005729e-01	-6.885620e-01	-4.775837e-01	-2.189517e-05	
-7.525523e-02	 1.414685e-02	-1.647780e-05	 2.748667e-05	-2.092175e-04	-6.632915e-03	-2.819604e-03	-2.576075e-03	-1.598793e+00	 1.281281e-02	 2.933596e-01	-1.691064e+01	-1.595960e+01	-1.286112e+01	-1.099969e+01	 7.869765e+00	-8.559090e-02	 8.155657e-02	-5.576149e-02	 5.564843e-01	 1.934417e-03	 1.281261e-03	-3.282331e-03	-2.567216e-03	-8.619710e-03	-1.209061e-02	 1.053430e-05	 2.758751e-05	-1.550995e-06	 1.527373e-04	-2.026185e-04	-3.349740e-02	-2.546512e-01	-6.119756e-06	 8.602478e-02	 8.120990e-02	 3.435217e-01	 7.499038e-02	 1.280436e-05	
 9.431047e-04	-2.156308e-03	 8.448636e-06	-7.741260e-05	 4.663517e-04	 5.830405e-05	 1.062633e-03	 5.375780e-04	-3.122883e-01	 8.023567e-03	-3.739568e-01	-8.234938e+00	-1.468599e-01	-6.147500e-01	-1.084648e-01	-8.559090e-02	 3.553491e+00	 5.311134e-01	-4.190850e-02	 3.460830e-02	-2.432110e-03	-6.762795e-04	 1.934769e-03	-5.513091e-04	-4.630944e-03	-5.652025e-03	 1.180361e-04	-3.283385e-05	-2.507495e-04	 1.239567e-04	 5.644333e-04	 1.339282e-02	 4.921489e-02	 3.253096e-06	 4.426892e-02	 4.580481e-02	 5.394544e-02	 4.341558e-02	-1.881820e-06	
 3.843651e-03	 1.123748e-02	-8.353432e-06	 6.177998e-05	-2.133982e-04	-1.177167e-03	-3.891166e-04	-6.505906e-05	 1.057430e+00	-2.503941e-03	-3.661934e-02	 9.448438e+00	-1.730015e+00	-1.710774e+00	-2.236240e+00	 8.155657e-02	 5.311134e-01	 3.432090e+00	 2.585956e+00	 2.087513e+00	-2.183558e-03	-5.734440e-04	-6.542748e-04	 2.904527e-03	-8.671231e-04	 3.319009e-03	-1.805423e-04	-4.509251e-05	-2.166238e-04	 2.495417e-04	-3.015062e-04	-1.477237e-02	-3.963278e-03	-3.114709e-06	-4.803933e-02	-4.514378e-02	-8.413249e-02	-4.141055e-02	-6.216044e-06	
-8.297436e-03	 1.237142e-02	-2.582954e-05	 9.549542e-05	-6.554947e-04	-2.485838e-03	-1.325188e-03	-1.067007e-03	-6.549900e+00	 9.777185e-02	 2.501905e+00	-1.454990e+01	-2.498477e-03	 1.646281e+00	 3.361192e+00	-5.576149e-02	-4.190850e-02	 2.585956e+00	 1.057758e+01	 1.972540e+01	-3.516939e-04	-1.574205e-03	-1.100568e-02	-6.212243e-03	-4.442987e-03	-1.844138e-02	 2.593537e-05	 4.727417e-04	 2.304088e-04	 1.709964e-03	-7.406149e-04	-5.163793e-02	-9.280339e-02	-9.914360e-06	-2.370907e-02	-2.784239e-02	 7.834432e-02	-2.940570e-02	 2.225394e-06	
-2.955424e-02	 2.481090e-02	-4.034856e-05	 3.070287e-04	-1.769855e-03	 2.164114e-03	-5.656381e-04	-2.290959e-04	-3.596405e+01	 1.399477e-01	 3.484617e+00	-3.445208e+01	-1.078044e+00	 3.989106e+00	 3.195614e+01	 5.564843e-01	 3.460830e-02	 2.087513e+00	 1.972540e+01	 5.738440e+01	 4.034638e-03	-5.969158e-03	-3.229273e-02	-1.809904e-02	-1.572950e-02	-7.249399e-02	 2.275426e-04	 1.186829e-03	 1.544597e-03	 6.665916e-03	-2.201950e-03	-7.080589e-02	 4.976872e-03	-1.556189e-05	-3.569666e-02	-4.904482e-02	 3.061574e-01	-5.501086e-02	 8.174461e-06	
 4.813917e-04	-6.637037e-06	-2.742540e-07	 1.834810e-06	-1.028334e-05	 1.539568e-05	-1.441146e-06	 1.662708e-06	 4.435312e-04	-3.965778e-04	-6.268942e-04	-1.275970e-02	-1.804985e-03	-1.304307e-02	-4.697340e-03	 1.934417e-03	-2.432110e-03	-2.183558e-03	-3.516939e-04	 4.034638e-03	 1.580630e-03	 3.356893e-04	 2.265631e-04	-3.771951e-04	 1.084898e-04	-2.397337e-05	-2.636488e-07	 1.098981e-06	 4.828539e-06	-2.938762e-05	-1.241223e-05	-5.049868e-04	 1.934771e-04	-1.050988e-07	-1.468736e-03	-1.485065e-03	-2.537322e-03	-1.419117e-03	-8.513028e-08	
-4.038603e-04	-1.380071e-04	-9.801488e-08	-2.436072e-07	 3.394360e-07	-3.577049e-06	-2.266431e-06	-3.110330e-06	 1.001807e-02	-1.912217e-04	-1.109185e-03	 1.610130e-02	 6.535459e-04	-7.221025e-03	-1.203485e-02	 1.281261e-03	-6.762795e-04	-5.734440e-04	-1.574205e-03	-5.969158e-03	 3.356893e-04	 9.171720e-04	 1.352239e-04	 7.389292e-04	 2.116429e-04	-4.731639e-04	 3.504264e-08	 6.216722e-07	 2.231718e-06	-4.908446e-05	 9.774643e-07	-2.430281e-04	-3.035207e-04	-4.183568e-08	 1.903075e-04	 1.544302e-04	 2.703086e-04	 1.303366e-04	 6.427729e-08	
 1.191748e-03	 3.761945e-04	-4.584965e-07	 4.766618e-06	-1.982326e-05	 2.025311e-05	-2.280611e-05	 2.205169e-06	 3.008121e-02	-8.295238e-04	-8.925138e-03	 1.347288e-01	 3.329783e-02	-1.106190e-02	-8.361348e-03	-3.282331e-03	 1.934769e-03	-6.542748e-04	-1.100568e-02	-3.229273e-02	 2.265631e-04	 1.352239e-04	 7.806129e-03	-2.870595e-04	 1.210944e-03	 5.614267e-03	-1.445483e-06	-6.740652e-07	 2.983384e-06	-1.775219e-04	-2.718221e-05	-7.262976e-04	 3.541668e-04	-1.860625e-07	-4.928549e-03	-4.729951e-03	-1.149404e-02	-4.383525e-03	-3.929312e-07	
-8.486190e-04	-3.626055e-04	-5.676893e-07	 9.609653e-07	-7.808818e-06	-2.692244e-05	 2.312075e-06	-1.397726e-05	 9.931898e-03	 2.611398e-05	-1.250810e-03	 4.592633e-02	 2.663836e-03	 5.423024e-03	-1.191017e-03	-2.567216e-03	-5.513091e-04	 2.904527e-03	-6.212243e-03	-1.809904e-02	-3.771951e-04	 7.389292e-04	-2.870595e-04	 2.970514e-03	 6.270189e-04	-5.151239e-04	-1.381735e-07	 3.928816e-07	 9.701494e-07	-2.052931e-05	-7.791154e-06	-1.232367e-03	-1.249311e-03	-2.251687e-07	 3.439392e-04	 2.542643e-04	 2.286211e-03	 1.957874e-04	 2.584168e-07	
 1.353804e-03	 1.968821e-04	-8.305428e-07	 6.464603e-06	-3.271366e-05	 7.916115e-05	-1.658541e-05	 2.192259e-05	 2.135409e-02	-2.322252e-04	-4.344896e-03	 7.933641e-02	 4.300203e-02	 1.797715e-02	 9.287062e-03	-8.619710e-03	-4.630944e-03	-8.671231e-04	-4.442987e-03	-1.572950e-02	 1.084898e-04	 2.116429e-04	 1.210944e-03	 6.270189e-04	 6.972960e-03	 9.053205e-03	 1.102527e-06	 5.025594e-07	 9.053581e-06	-5.737414e-05	-4.163889e-05	-1.481361e-03	 2.544215e-03	-3.288916e-07	-3.742058e-03	-3.819935e-03	-6.713862e-03	-3.661354e-03	 5.242285e-08	
 1.038351e-02	 1.810557e-03	-2.462053e-06	 1.689498e-05	-8.635722e-05	 9.593567e-05	-3.069534e-05	-1.567779e-05	 9.300953e-02	-7.882289e-04	-2.801390e-02	 4.015411e-01	 9.617054e-02	-9.896117e-03	-4.787275e-02	-1.209061e-02	-5.652025e-03	 3.319009e-03	-1.844138e-02	-7.249399e-02	-2.397337e-05	-4.731639e-04	 5.614267e-03	-5.151239e-04	 9.053205e-03	 7.891885e-02	-2.899774e-06	-6.639216e-07	 4.354161e-05	-6.009816e-04	-1.098885e-04	-4.494250e-03	-1.108022e-03	-9.930499e-07	-2.216733e-02	-2.125160e-02	-5.219760e-02	-1.983789e-02	-2.155098e-06	
-9.388851e-07	-1.205656e-06	 1.094356e-09	-1.414407e-08	 6.539953e-08	-3.176169e-08	-1.065704e-07	-1.107628e-07	-3.188091e-04	 3.892091e-06	 1.176045e-04	 4.286375e-03	 6.313484e-05	 2.830254e-04	 4.309688e-04	 1.053430e-05	 1.180361e-04	-1.805423e-04	 2.593537e-05	 2.275426e-04	-2.636488e-07	 3.504264e-08	-1.445483e-06	-1.381735e-07	 1.102527e-06	-2.899774e-06	 3.789455e-07	-4.190287e-09	 4.647039e-08	 1.229556e-06	 8.787027e-08	 1.667727e-06	-1.120866e-05	 4.709953e-10	 8.545544e-06	 8.298480e-06	 1.102515e-05	 7.884687e-06	 5.591003e-10	
-2.895660e-06	-5.752422e-07	-3.051579e-09	-6.866233e-09	-2.419154e-08	-1.814913e-07	-8.639612e-08	-6.765989e-08	 5.617105e-04	-1.404763e-06	-3.835985e-05	 2.704101e-04	 6.166878e-05	-3.773212e-04	-1.269037e-03	 2.758751e-05	-3.283385e-05	-4.509251e-05	 4.727417e-04	 1.186829e-03	 1.098981e-06	 6.216722e-07	-6.740652e-07	 3.928816e-07	 5.025594e-07	-6.639216e-07	-4.190287e-09	 4.078033e-07	 2.502475e-09	-1.376493e-06	 3.587727e-10	-7.490971e-06	-5.707335e-06	-1.204513e-09	-3.332174e-06	-3.274838e-06	-1.759795e-06	-3.322000e-06	-3.649445e-10	
 2.295624e-05	-3.142445e-05	-8.191477e-08	 3.154546e-08	-1.090128e-06	 1.511325e-05	-6.278290e-07	-7.943464e-07	 1.163321e-03	 3.063820e-05	-6.899170e-05	 7.404811e-03	 3.113665e-03	 2.052744e-03	 1.671046e-03	-1.550995e-06	-2.507495e-04	-2.166238e-04	 2.304088e-04	 1.544597e-03	 4.828539e-06	 2.231718e-06	 2.983384e-06	 9.701494e-07	 9.053581e-06	 4.354161e-05	 4.647039e-08	 2.502475e-09	 8.293792e-06	-9.219142e-06	-8.800888e-07	-1.865373e-04	-6.315011e-05	-3.184380e-08	-9.420194e-05	-9.568518e-05	-4.470962e-05	-9.460789e-05	-8.763747e-10	
 6.895609e-04	-3.322298e-04	 1.214886e-06	-2.530400e-06	 2.214612e-05	 5.261894e-05	 1.222250e-05	 3.707921e-05	-8.628556e-03	-2.354111e-04	 5.703935e-03	-5.283193e-02	-3.607080e-02	-9.853469e-03	-8.009285e-03	 1.527373e-04	 1.239567e-04	 2.495417e-04	 1.709964e-03	 6.665916e-03	-2.938762e-05	-4.908446e-05	-1.775219e-04	-2.052931e-05	-5.737414e-05	-6.009816e-04	 1.229556e-06	-1.376493e-06	-9.219142e-06	 1.510957e-03	 2.272332e-05	 2.603780e-03	 3.555904e-03	 4.870827e-07	 2.733872e-03	 2.685742e-03	 3.677018e-03	 2.548402e-03	 7.188402e-08	
 1.893731e-04	 9.199583e-05	 5.977012e-07	-7.522227e-06	 3.513411e-05	-4.182453e-06	 1.716974e-05	 7.447965e-06	 1.363275e-03	 1.521493e-05	 4.847877e-04	-8.175227e-03	-5.742475e-03	-3.014063e-03	-5.306189e-03	-2.026185e-04	 5.644333e-04	-3.015062e-04	-7.406149e-04	-2.201950e-03	-1.241223e-05	 9.774643e-07	-2.718221e-05	-7.791154e-06	-4.163889e-05	-1.098885e-04	 8.787027e-08	 3.587727e-10	-8.800888e-07	 2.272332e-05	 4.620976e-05	 8.364145e-04	 5.184601e-04	 2.343734e-07	 3.502417e-03	 3.494700e-03	 3.463074e-03	 3.298278e-03	-1.594855e-08	
-1.768020e-03	-9.023693e-04	 4.934528e-05	-8.927395e-05	 8.411294e-04	-3.106778e-04	 9.329878e-05	 1.443703e-05	-8.340276e-02	 3.769415e-03	-6.548381e-03	-4.277497e-01	-2.497972e-01	-1.358624e-01	-1.667872e-01	-3.349740e-02	 1.339282e-02	-1.477237e-02	-5.163793e-02	-7.080589e-02	-5.049868e-04	-2.430281e-04	-7.262976e-04	-1.232367e-03	-1.481361e-03	-4.494250e-03	 1.667727e-06	-7.490971e-06	-1.865373e-04	 2.603780e-03	 8.364145e-04	 1.078334e-01	-1.082879e-02	 1.923408e-05	 8.990922e-02	 8.944010e-02	 1.011487e-01	 8.550807e-02	 7.503509e-07	
 1.995036e-02	 1.762506e-03	 6.425442e-07	-7.703594e-05	 3.872479e-04	 1.407771e-02	 5.707392e-04	 7.197696e-03	-2.812485e-01	 1.571159e-02	-1.286338e-01	 2.098996e-01	 4.971090e-01	 4.021485e-01	 6.732962e-01	-2.546512e-01	 4.921489e-02	-3.963278e-03	-9.280339e-02	 4.976872e-03	 1.934771e-04	-3.035207e-04	 3.541668e-04	-1.249311e-03	 2.544215e-03	-1.108022e-03	-1.120866e-05	-5.707335e-06	-6.315011e-05	 3.555904e-03	 5.184601e-04	-1.082879e-02	 7.332637e-01	 4.503395e-07	 8.523553e-03	 1.039039e-02	-6.072418e-02	 1.078398e-02	-3.880273e-06	
 1.606579e-07	 4.667471e-08	 9.278969e-09	-3.100309e-08	 2.102449e-07	-3.879989e-08	 5.193659e-08	 2.909309e-08	-1.172340e-05	 6.775418e-07	 1.061317e-07	-9.089917e-05	-5.453685e-05	-2.865018e-05	-3.737244e-05	-6.119756e-06	 3.253096e-06	-3.114709e-06	-9.914360e-06	-1.556189e-05	-1.050988e-07	-4.183568e-08	-1.860625e-07	-2.251687e-07	-3.288916e-07	-9.930499e-07	 4.709953e-10	-1.204513e-09	-3.184380e-08	 4.870827e-07	 2.343734e-07	 1.923408e-05	 4.503395e-07	 3.628028e-09	 2.195228e-05	 2.185861e-05	 2.372040e-05	 2.080063e-05	 8.780467e-11	
-4.298126e-02	 4.119187e-03	 5.596538e-05	-5.492113e-04	 2.736598e-03	-8.558840e-04	 1.102355e-03	 2.697478e-04	 9.612802e-03	 5.845298e-03	 8.668812e-02	-1.473343e+00	-6.108662e-01	-1.872929e-01	-5.011473e-01	 8.602478e-02	 4.426892e-02	-4.803933e-02	-2.370907e-02	-3.569666e-02	-1.468736e-03	 1.903075e-04	-4.928549e-03	 3.439392e-04	-3.742058e-03	-2.216733e-02	 8.545544e-06	-3.332174e-06	-9.420194e-05	 2.733872e-03	 3.502417e-03	 8.990922e-02	 8.523553e-03	 2.195228e-05	 4.546172e-01	 4.389695e-01	 7.936379e-01	 4.087484e-01	 2.785098e-05	
-4.000655e-02	 4.073819e-03	 5.573855e-05	-5.481170e-04	 2.730271e-03	-8.174142e-04	 1.109626e-03	 2.888620e-04	 1.549615e-02	 5.752119e-03	 8.219076e-02	-1.407938e+00	-6.047686e-01	-1.903243e-01	-5.005729e-01	 8.120990e-02	 4.580481e-02	-4.514378e-02	-2.784239e-02	-4.904482e-02	-1.485065e-03	 1.544302e-04	-4.729951e-03	 2.542643e-04	-3.819935e-03	-2.125160e-02	 8.298480e-06	-3.274838e-06	-9.568518e-05	 2.685742e-03	 3.494700e-03	 8.944010e-02	 1.039039e-02	 2.185861e-05	 4.389695e-01	 4.249212e-01	 7.524309e-01	 3.960540e-01	 2.539777e-05	
-1.673097e-01	-2.696184e-03	 6.011823e-05	-5.371915e-04	 2.722958e-03	-2.114604e-03	 7.717033e-04	-4.206892e-04	-1.850710e-01	 1.606380e-02	 2.148319e-01	-3.288544e+00	-1.112098e+00	-9.525208e-02	-6.885620e-01	 3.435217e-01	 5.394544e-02	-8.413249e-02	 7.834432e-02	 3.061574e-01	-2.537322e-03	 2.703086e-04	-1.149404e-02	 2.286211e-03	-6.713862e-03	-5.219760e-02	 1.102515e-05	-1.759795e-06	-4.470962e-05	 3.677018e-03	 3.463074e-03	 1.011487e-01	-6.072418e-02	 2.372040e-05	 7.936379e-01	 7.524309e-01	 1.838587e+00	 6.935314e-01	 7.576587e-05	
-3.675677e-02	 3.643398e-03	 5.305266e-05	-5.163078e-04	 2.580399e-03	-7.525902e-04	 1.048569e-03	 2.833831e-04	 1.778013e-02	 5.510800e-03	 7.553656e-02	-1.302395e+00	-5.700117e-01	-1.807894e-01	-4.775837e-01	 7.499038e-02	 4.341558e-02	-4.141055e-02	-2.940570e-02	-5.501086e-02	-1.419117e-03	 1.303366e-04	-4.383525e-03	 1.957874e-04	-3.661354e-03	-1.983789e-02	 7.884687e-06	-3.322000e-06	-9.460789e-05	 2.548402e-03	 3.298278e-03	 8.550807e-02	 1.078398e-02	 2.080063e-05	 4.087484e-01	 3.960540e-01	 6.935314e-01	 3.695414e-01	 2.323546e-05	
-1.029336e-05	-1.672792e-06	 2.233684e-10	 2.608855e-09	-1.164858e-08	-7.833556e-08	-3.700677e-08	-4.067655e-08	 1.540274e-06	 5.627922e-07	 7.377673e-06	-1.038118e-04	-6.839236e-06	 1.648937e-05	-2.189517e-05	 1.280436e-05	-1.881820e-06	-6.216044e-06	 2.225394e-06	 8.174461e-06	-8.513028e-08	 6.427729e-08	-3.929312e-07	 2.584168e-07	 5.242285e-08	-2.155098e-06	 5.591003e-10	-3.649445e-10	-8.763747e-10	 7.188402e-08	-1.594855e-08	 7.503509e-07	-3.880273e-06	 8.780467e-11	 2.785098e-05	 2.539777e-05	 7.576587e-05	 2.323546e-05	 5.874108e-09	
