#           delta0,               zB,          omega_b,        omega_cdm,                h,     ln10^{10}A_s,              n_s,         tau_reio,        A_cib_217,        xi_sz_cib,             A_sz,     ps_A_100_100,     ps_A_143_143,     ps_A_143_217,     ps_A_217_217,         ksz_norm,     gal545_A_100,     gal545_A_143, gal545_A_143_217,     gal545_A_217,    galf_TE_A_100, galf_TE_A_100_143, galf_TE_A_100_217,    galf_TE_A_143, galf_TE_A_143_217,    galf_TE_A_217,       calib_100T,       calib_217T,         A_planck,               MB,     Omega_Lambda,              z_d,              H0m,             H0l1,             H0l2,              H0R,             T0ef
 2.764575e-02	 1.413895e-02	 4.046737e-06	-4.710612e-05	 2.137377e-04	-1.636433e-05	 1.309799e-04	 8.388698e-05	 8.797381e-03	 6.338692e-04	-1.050724e-02	 4.195167e-02	 2.059654e-02	-2.247195e-02	-3.180312e-02	 2.121824e-03	 4.177085e-03	-1.215155e-02	-2.407776e-02	-4.937453e-02	-9.889368e-05	 6.396462e-05	-5.524843e-05	-3.867087e-05	-1.980429e-04	-2.231604e-03	 1.138755e-06	-1.145405e-06	-2.018202e-05	-2.985533e-04	 2.864153e-04	 5.904461e-03	-1.280917e-01	-1.097661e-01	-5.675193e-01	-7.221372e-02	 2.976796e-05	
 1.413895e-02	 1.542803e-02	-1.439886e-07	 6.958777e-06	-6.800569e-05	-1.267050e-04	-2.122238e-05	-1.739028e-05	 2.469664e-04	-2.648922e-04	-1.776231e-03	 3.141086e-02	 2.481041e-02	-2.546862e-03	 1.269009e-03	 3.316975e-03	-3.150081e-04	-2.331333e-03	-3.370757e-03	-1.285039e-02	-5.460007e-05	 5.966601e-05	-6.234087e-05	 7.436013e-05	-1.250579e-05	-1.081613e-03	-2.210485e-07	-1.869536e-06	-1.465049e-05	-9.444922e-05	-7.748515e-05	 1.803610e-04	 1.372256e-02	 2.959951e-02	-3.553231e-01	 6.226262e-02	 1.003190e-04	
 4.046737e-06	-1.439886e-07	 2.413409e-08	-1.206306e-07	 7.022707e-07	 4.096644e-07	 3.203577e-07	 2.880705e-07	-7.126524e-05	 1.710320e-06	 1.710298e-05	-3.287169e-04	-2.661616e-04	-1.185857e-04	-4.221605e-05	-3.203736e-05	 1.732041e-06	-3.582439e-06	-1.021167e-05	-4.665902e-06	-1.207093e-07	 4.164319e-08	 1.158312e-07	-2.842481e-07	-5.618656e-07	-2.302518e-06	 5.405155e-09	-2.189638e-09	 7.943492e-09	 4.063410e-06	 8.495188e-07	 4.694624e-05	 6.818157e-06	 7.352117e-06	-1.800168e-06	 5.334824e-06	-2.566245e-08	
-4.710612e-05	 6.958777e-06	-1.206306e-07	 1.886593e-06	-8.322039e-06	-7.519025e-08	-4.545155e-06	-2.157288e-06	 5.155311e-05	 1.719242e-06	-1.302552e-04	 2.096579e-03	 1.737899e-03	 1.123737e-03	 9.001837e-04	 3.566607e-05	-1.094456e-04	-3.603727e-05	-3.539357e-05	 4.101055e-05	 2.936738e-07	-1.048976e-06	-4.051969e-06	 5.211253e-07	 4.649823e-06	 1.083826e-05	-2.803860e-08	 8.197016e-09	-5.134847e-08	-1.347607e-05	-1.142644e-05	-1.418775e-04	 1.324594e-05	 8.809179e-06	 1.102127e-04	 4.034961e-05	 3.752627e-07	
 2.137377e-04	-6.800569e-05	 7.022707e-07	-8.322039e-06	 3.958461e-05	 3.671905e-06	 2.061506e-05	 1.056190e-05	-7.646407e-04	 8.095022e-06	 7.223075e-04	-1.126312e-02	-9.306145e-03	-5.441849e-03	-3.941834e-03	-3.402356e-04	 4.549218e-04	 5.526602e-05	 2.625093e-05	-3.349194e-04	-1.472028e-06	 3.475023e-06	 1.583094e-05	-6.754838e-06	-2.608879e-05	-6.453637e-05	 1.743743e-07	-5.768139e-08	 1.293979e-07	 9.875775e-05	 5.263958e-05	 1.018801e-03	-3.741321e-04	-3.864082e-04	 2.632043e-05	-6.007070e-04	-2.122439e-06	
-1.636433e-05	-1.267050e-04	 4.096644e-07	-7.519025e-08	 3.671905e-06	 2.931997e-04	 7.657398e-06	 1.282364e-04	-1.013360e-02	 3.485969e-04	-3.659300e-05	-1.201407e-02	 6.729622e-04	 1.093543e-02	 1.963885e-02	-6.190900e-03	-6.653158e-05	-2.664863e-03	-2.273561e-03	 4.599251e-03	 1.370112e-05	 2.845761e-06	-6.102793e-05	 6.742782e-07	-2.919887e-06	 2.177597e-05	 3.713002e-07	-1.194507e-07	 1.484074e-05	 9.227662e-05	 2.870979e-06	 8.217667e-04	-1.444523e-03	-1.530746e-03	 5.105764e-04	-1.644508e-03	-1.114952e-06	
 1.309799e-04	-2.122238e-05	 3.203577e-07	-4.545155e-06	 2.061506e-05	 7.657398e-06	 2.079098e-05	 9.403007e-06	-4.502309e-03	 9.531438e-05	 1.372468e-04	-1.510273e-02	-5.447109e-03	 5.049573e-04	 5.098747e-03	-3.168821e-03	 4.894459e-04	-2.405399e-04	-6.903339e-04	 8.325539e-04	 2.797569e-06	 2.675384e-06	 8.652898e-06	-4.263545e-06	-1.140024e-05	-3.475962e-05	-6.389785e-08	-6.015226e-08	 8.372769e-08	 7.886400e-05	 2.795267e-05	 4.064125e-04	-2.087116e-04	-2.002919e-04	-4.177943e-04	-2.717034e-04	-1.010483e-06	
 8.388698e-05	-1.739028e-05	 2.880705e-07	-2.157288e-06	 1.056190e-05	 1.282364e-04	 9.403007e-06	 6.558984e-05	-5.593827e-03	 1.513760e-04	 2.846490e-04	-1.067139e-02	-3.077853e-03	 2.226543e-03	 5.643857e-03	-2.324234e-03	 2.745537e-04	-8.905690e-04	-4.705100e-04	 2.248921e-03	 7.052263e-06	 4.319505e-06	-1.847729e-05	 6.247275e-06	-5.724458e-06	-1.562394e-06	 1.406310e-07	-1.161423e-07	 3.739663e-07	 6.288673e-05	 1.380500e-05	 4.501168e-04	-5.762535e-04	-5.541502e-04	-1.005953e-03	-5.235128e-04	-5.966259e-07	
 8.797381e-03	 2.469664e-04	-7.126524e-05	 5.155311e-05	-7.646407e-04	-1.013360e-02	-4.502309e-03	-5.593827e-03	 4.516910e+01	-4.171675e-01	-1.053611e+00	 4.415461e+01	 5.023757e+00	-1.088818e+01	-5.366923e+01	-1.461488e+00	 6.042489e-01	 6.337070e-01	-5.808113e+00	-3.336521e+01	-1.072171e-03	-2.124707e-03	-6.961912e-03	-2.202030e-03	-1.228062e-03	 2.068678e-02	-6.250636e-05	 6.535340e-04	 1.090003e-03	-8.290757e-02	-6.655669e-04	-1.558005e-01	-2.614641e-01	-2.411679e-01	-6.045372e-01	-2.085327e-01	 3.090961e-05	
 6.338692e-04	-2.648922e-04	 1.710320e-06	 1.719242e-06	 8.095022e-06	 3.485969e-04	 9.531438e-05	 1.513760e-04	-4.171675e-01	 8.122442e-02	-4.774051e-02	-4.471748e-01	 1.219109e+00	 2.074511e+00	 7.699142e-01	 3.802130e-04	 1.034554e-03	 1.434518e-02	 1.385959e-01	 1.746322e-01	-1.397176e-04	-2.728483e-04	-2.343897e-04	-3.064989e-05	-1.281601e-05	 9.952387e-04	 4.107172e-06	-4.409265e-08	-1.326981e-05	 1.177236e-03	 3.309787e-06	 3.940936e-03	-1.035166e-02	-1.090255e-02	 8.840887e-04	-1.139955e-02	-8.640807e-06	
-1.050724e-02	-1.776231e-03	 1.710298e-05	-1.302552e-04	 7.223075e-04	-3.659300e-05	 1.372468e-04	 2.846490e-04	-1.053611e+00	-4.774051e-02	 3.479623e+00	-3.151741e+01	-8.291418e+00	 1.790937e+00	 6.794961e-01	 1.120964e-01	-2.463042e-01	 1.748201e-01	 2.322193e+00	 3.123959e+00	 1.478792e-04	 2.655121e-03	 6.478215e-04	 2.596839e-03	 4.394720e-04	 9.189810e-03	 1.027658e-04	 6.406546e-07	 1.040888e-04	-2.657043e-02	 8.978938e-04	 2.992566e-02	 1.452978e-01	 1.430937e-01	 2.487046e-01	 1.374898e-01	 1.409095e-05	
 4.195167e-02	 3.141086e-02	-3.287169e-04	 2.096579e-03	-1.126312e-02	-1.201407e-02	-1.510273e-02	-1.067139e-02	 4.415461e+01	-4.471748e-01	-3.151741e+01	 8.711404e+02	 1.374656e+02	 4.859932e+00	-1.636816e+01	-1.772236e+01	-4.176132e+00	 5.743695e+00	-1.236103e+01	-2.881398e+01	-6.703199e-03	-1.551684e-02	-8.818229e-03	 6.012494e-03	 2.591705e-02	 7.874083e-02	 4.086158e-03	 4.839144e-04	 1.899444e-03	 6.967881e-02	-1.400958e-02	-5.998643e-01	-1.487349e+00	-1.407187e+00	-3.330008e+00	-1.220756e+00	 3.645127e-04	
 2.059654e-02	 2.481041e-02	-2.661616e-04	 1.737899e-03	-9.306145e-03	 6.729622e-04	-5.447109e-03	-3.077853e-03	 5.023757e+00	 1.219109e+00	-8.291418e+00	 1.374656e+02	 9.855751e+01	 6.410219e+01	 2.974248e+01	-1.489105e+01	 2.588495e-01	-1.111662e+00	 1.844655e+00	 2.606846e-01	-5.178241e-03	-1.335890e-02	-1.628628e-03	-8.153775e-04	 8.358656e-03	 6.965296e-02	 3.671348e-05	 7.167349e-05	 2.706162e-04	-8.473690e-02	-1.162072e-02	-4.885090e-01	-7.544734e-01	-7.139620e-01	-1.689457e+00	-5.753298e-01	 2.945530e-04	
-2.247195e-02	-2.546862e-03	-1.185857e-04	 1.123737e-03	-5.441849e-03	 1.093543e-02	 5.049573e-04	 2.226543e-03	-1.088818e+01	 2.074511e+00	 1.790937e+00	 4.859932e+00	 6.410219e+01	 9.702542e+01	 5.451777e+01	-1.289460e+01	-3.515318e-01	-5.363521e-01	 2.551617e+00	 3.469859e+00	-7.954644e-03	-6.951413e-03	 3.268475e-03	 5.597006e-03	 1.046549e-02	 7.876438e-02	 3.497651e-04	-2.481828e-04	 5.414496e-04	-1.098704e-01	-7.071862e-03	-1.961326e-01	-2.823598e-01	-2.835054e-01	-9.792797e-02	-2.365716e-01	 8.835741e-05	
-3.180312e-02	 1.269009e-03	-4.221605e-05	 9.001837e-04	-3.941834e-03	 1.963885e-02	 5.098747e-03	 5.643857e-03	-5.366923e+01	 7.699142e-01	 6.794961e-01	-1.636816e+01	 2.974248e+01	 5.451777e+01	 1.058569e+02	-1.091430e+01	-8.521792e-01	-1.442043e+00	 2.780476e+00	 2.941106e+01	 5.080146e-04	-6.890526e-03	 1.331609e-02	-9.253457e-04	 1.153247e-02	 3.041631e-02	 2.328320e-04	-1.284366e-03	 1.214846e-03	 5.339775e-03	-5.455570e-03	-3.892337e-02	 1.814904e-02	 2.590816e-03	 3.935421e-01	 1.701443e-02	 1.694644e-04	
 2.121824e-03	 3.316975e-03	-3.203736e-05	 3.566607e-05	-3.402356e-04	-6.190900e-03	-3.168821e-03	-2.324234e-03	-1.461488e+00	 3.802130e-04	 1.120964e-01	-1.772236e+01	-1.489105e+01	-1.289460e+01	-1.091430e+01	 7.917419e+00	-4.788860e-02	-1.793638e-01	-6.407945e-01	-2.554411e-01	 2.929088e-04	 1.513503e-03	 2.179006e-03	 5.765602e-04	-2.033091e-03	-5.879166e-03	-3.405652e-05	-1.558249e-05	-6.206926e-05	-1.124529e-02	-3.102430e-04	-6.933149e-02	 2.772245e-02	 2.511996e-02	 3.717063e-02	 1.158760e-02	-6.758250e-06	
 4.177085e-03	-3.150081e-04	 1.732041e-06	-1.094456e-04	 4.549218e-04	-6.653158e-05	 4.894459e-04	 2.745537e-04	 6.042489e-01	 1.034554e-03	-2.463042e-01	-4.176132e+00	 2.588495e-01	-3.515318e-01	-8.521792e-01	-4.788860e-02	 3.272712e+00	 4.889299e-01	 1.017731e-01	-2.415742e-01	-5.261564e-04	-5.292513e-04	-2.537002e-03	-1.118868e-03	-6.440221e-03	-1.074098e-02	 1.724387e-04	 1.233593e-05	-4.762775e-05	 5.482411e-03	 6.383756e-04	-4.104066e-03	-1.912288e-02	-1.668772e-02	-5.244569e-02	-1.666046e-02	-4.005898e-05	
-1.215155e-02	-2.331333e-03	-3.582439e-06	-3.603727e-05	 5.526602e-05	-2.664863e-03	-2.405399e-04	-8.905690e-04	 6.337070e-01	 1.434518e-02	 1.748201e-01	 5.743695e+00	-1.111662e+00	-5.363521e-01	-1.442043e+00	-1.793638e-01	 4.889299e-01	 3.104508e+00	 2.722942e+00	 2.693450e+00	 2.857632e-03	 1.503276e-03	-2.469657e-03	 1.381910e-03	-9.726727e-04	-1.720193e-02	-2.006196e-04	-1.366967e-05	-5.984207e-05	 5.753819e-03	 1.384332e-04	-1.002527e-02	 1.282252e-01	 1.232631e-01	 2.317523e-01	 1.125616e-01	 2.141024e-05	
-2.407776e-02	-3.370757e-03	-1.021167e-05	-3.539357e-05	 2.625093e-05	-2.273561e-03	-6.903339e-04	-4.705100e-04	-5.808113e+00	 1.385959e-01	 2.322193e+00	-1.236103e+01	 1.844655e+00	 2.551617e+00	 2.780476e+00	-6.407945e-01	 1.017731e-01	 2.722942e+00	 1.080780e+01	 1.932740e+01	 2.609438e-03	 2.445622e-03	-9.005553e-03	 5.426027e-03	-1.899573e-03	-9.518930e-03	-5.657455e-05	 4.590893e-04	-1.710036e-04	 6.025228e-03	 1.335961e-04	-2.573568e-02	 2.585827e-01	 2.485347e-01	 4.556735e-01	 2.384865e-01	 5.803888e-05	
-4.937453e-02	-1.285039e-02	-4.665902e-06	 4.101055e-05	-3.349194e-04	 4.599251e-03	 8.325539e-04	 2.248921e-03	-3.336521e+01	 1.746322e-01	 3.123959e+00	-2.881398e+01	 2.606846e-01	 3.469859e+00	 2.941106e+01	-2.554411e-01	-2.415742e-01	 2.693450e+00	 1.932740e+01	 5.392288e+01	 4.507154e-03	 6.019295e-03	-1.586071e-02	 7.882625e-03	-3.962106e-03	-2.520828e-02	-6.438640e-05	 1.042284e-03	 4.074129e-04	 6.391068e-02	-3.647780e-04	-1.006853e-02	 5.378452e-01	 5.001269e-01	 1.161472e+00	 4.433829e-01	 4.585156e-05	
-9.889368e-05	-5.460007e-05	-1.207093e-07	 2.936738e-07	-1.472028e-06	 1.370112e-05	 2.797569e-06	 7.052263e-06	-1.072171e-03	-1.397176e-04	 1.478792e-04	-6.703199e-03	-5.178241e-03	-7.954644e-03	 5.080146e-04	 2.929088e-04	-5.261564e-04	 2.857632e-03	 2.609438e-03	 4.507154e-03	 1.451476e-03	 2.870805e-04	 1.227118e-05	-3.375012e-04	-5.374400e-05	-1.872442e-04	-5.036884e-07	 1.021737e-07	 2.718025e-07	-1.847095e-04	-1.776062e-06	-2.659196e-04	 6.347820e-04	 4.870887e-04	 3.577656e-03	 1.329573e-04	-2.237180e-07	
 6.396462e-05	 5.966601e-05	 4.164319e-08	-1.048976e-06	 3.475023e-06	 2.845761e-06	 2.675384e-06	 4.319505e-06	-2.124707e-03	-2.728483e-04	 2.655121e-03	-1.551684e-02	-1.335890e-02	-6.951413e-03	-6.890526e-03	 1.513503e-03	-5.292513e-04	 1.503276e-03	 2.445622e-03	 6.019295e-03	 2.870805e-04	 8.497941e-04	-2.298010e-05	 7.097418e-04	 8.257361e-05	-6.373746e-04	 9.558967e-08	 3.554232e-08	-9.362064e-07	-3.446370e-04	 5.316314e-06	 1.736000e-05	 5.121450e-04	 5.918080e-04	-1.752090e-03	 7.217730e-04	 2.993647e-07	
-5.524843e-05	-6.234087e-05	 1.158312e-07	-4.051969e-06	 1.583094e-05	-6.102793e-05	 8.652898e-06	-1.847729e-05	-6.961912e-03	-2.343897e-04	 6.478215e-04	-8.818229e-03	-1.628628e-03	 3.268475e-03	 1.331609e-02	 2.179006e-03	-2.537002e-03	-2.469657e-03	-9.005553e-03	-1.586071e-02	 1.227118e-05	-2.298010e-05	 7.330943e-03	-3.606536e-04	 7.141268e-04	 4.513014e-03	 1.421130e-07	-8.718023e-07	-7.271221e-06	-1.796011e-04	 2.280517e-05	-8.148719e-06	 6.323350e-04	 4.725192e-04	 2.119392e-03	-1.261038e-04	-1.326449e-06	
-3.867087e-05	 7.436013e-05	-2.842481e-07	 5.211253e-07	-6.754838e-06	 6.742782e-07	-4.263545e-06	 6.247275e-06	-2.202030e-03	-3.064989e-05	 2.596839e-03	 6.012494e-03	-8.153775e-04	 5.597006e-03	-9.253457e-04	 5.765602e-04	-1.118868e-03	 1.381910e-03	 5.426027e-03	 7.882625e-03	-3.375012e-04	 7.097418e-04	-3.606536e-04	 2.872175e-03	 5.846608e-04	-5.691259e-04	 3.221229e-07	-9.769488e-08	-4.949314e-06	-4.953900e-04	-6.566525e-06	-6.256815e-04	 5.611478e-04	 7.916893e-04	-3.904322e-03	 1.287423e-03	 1.544056e-06	
-1.980429e-04	-1.250579e-05	-5.618656e-07	 4.649823e-06	-2.608879e-05	-2.919887e-06	-1.140024e-05	-5.724458e-06	-1.228062e-03	-1.281601e-05	 4.394720e-04	 2.591705e-02	 8.358656e-03	 1.046549e-02	 1.153247e-02	-2.033091e-03	-6.440221e-03	-9.726727e-04	-1.899573e-03	-3.962106e-03	-5.374400e-05	 8.257361e-05	 7.141268e-04	 5.846608e-04	 6.397861e-03	 7.928844e-03	-1.077851e-06	 8.113919e-07	-7.027820e-07	 9.632999e-05	-3.238741e-05	-9.608595e-04	-1.558607e-03	-1.476532e-03	-2.660481e-03	-1.145345e-03	 1.106597e-06	
-2.231604e-03	-1.081613e-03	-2.302518e-06	 1.083826e-05	-6.453637e-05	 2.177597e-05	-3.475962e-05	-1.562394e-06	 2.068678e-02	 9.952387e-04	 9.189810e-03	 7.874083e-02	 6.965296e-02	 7.876438e-02	 3.041631e-02	-5.879166e-03	-1.074098e-02	-1.720193e-02	-9.518930e-03	-2.520828e-02	-1.872442e-04	-6.373746e-04	 4.513014e-03	-5.691259e-04	 7.928844e-03	 7.245439e-02	 7.798328e-07	-2.746347e-06	 9.043564e-07	-4.143495e-04	-7.698120e-05	-4.553561e-03	 5.204968e-03	 4.455251e-03	 2.803166e-02	 3.097318e-03	-5.271112e-07	
 1.138755e-06	-2.210485e-07	 5.405155e-09	-2.803860e-08	 1.743743e-07	 3.713002e-07	-6.389785e-08	 1.406310e-07	-6.250636e-05	 4.107172e-06	 1.027658e-04	 4.086158e-03	 3.671348e-05	 3.497651e-04	 2.328320e-04	-3.405652e-05	 1.724387e-04	-2.006196e-04	-5.657455e-05	-6.438640e-05	-5.036884e-07	 9.558967e-08	 1.421130e-07	 3.221229e-07	-1.077851e-06	 7.798328e-07	 3.887740e-07	 3.429208e-09	-1.329335e-08	-4.713916e-06	 2.082570e-07	 1.035552e-05	-3.516477e-06	-2.691124e-06	-8.831846e-06	-3.064324e-06	-6.625461e-09	
-1.145405e-06	-1.869536e-06	-2.189638e-09	 8.197016e-09	-5.768139e-08	-1.194507e-07	-6.015226e-08	-1.161423e-07	 6.535340e-04	-4.409265e-08	 6.406546e-07	 4.839144e-04	 7.167349e-05	-2.481828e-04	-1.284366e-03	-1.558249e-05	 1.233593e-05	-1.366967e-05	 4.590893e-04	 1.042284e-03	 1.021737e-07	 3.554232e-08	-8.718023e-07	-9.769488e-08	 8.113919e-07	-2.746347e-06	 3.429208e-09	 3.836819e-07	 4.844639e-08	-5.730682e-07	-6.517839e-08	-4.377981e-06	-1.515619e-05	-1.646422e-05	 1.157906e-05	-1.800035e-05	-1.619393e-08	
-2.018202e-05	-1.465049e-05	 7.943492e-09	-5.134847e-08	 1.293979e-07	 1.484074e-05	 8.372769e-08	 3.739663e-07	 1.090003e-03	-1.326981e-05	 1.040888e-04	 1.899444e-03	 2.706162e-04	 5.414496e-04	 1.214846e-03	-6.206926e-05	-4.762775e-05	-5.984207e-05	-1.710036e-04	 4.074129e-04	 2.718025e-07	-9.362064e-07	-7.271221e-06	-4.949314e-06	-7.027820e-07	 9.043564e-07	-1.329335e-08	 4.844639e-08	 6.966936e-06	-2.037878e-05	 2.211917e-07	 1.429409e-05	 9.392924e-05	 7.152846e-05	 4.846101e-04	 2.708991e-05	-2.610591e-08	
-2.985533e-04	-9.444922e-05	 4.063410e-06	-1.347607e-05	 9.875775e-05	 9.227662e-05	 7.886400e-05	 6.288673e-05	-8.290757e-02	 1.177236e-03	-2.657043e-02	 6.967881e-02	-8.473690e-02	-1.098704e-01	 5.339775e-03	-1.124529e-02	 5.482411e-03	 5.753819e-03	 6.025228e-03	 6.391068e-02	-1.847095e-04	-3.446370e-04	-1.796011e-04	-4.953900e-04	 9.632999e-05	-4.143495e-04	-4.713916e-06	-5.730682e-07	-2.037878e-05	 2.395501e-01	 1.102003e-04	 8.376246e-03	 1.583002e-02	 1.584070e-02	 7.312629e-03	 1.468694e-02	-1.019651e-06	
 2.864153e-04	-7.748515e-05	 8.495188e-07	-1.142644e-05	 5.263958e-05	 2.870979e-06	 2.795267e-05	 1.380500e-05	-6.655669e-04	 3.309787e-06	 8.978938e-04	-1.400958e-02	-1.162072e-02	-7.071862e-03	-5.455570e-03	-3.102430e-04	 6.383756e-04	 1.384332e-04	 1.335961e-04	-3.647780e-04	-1.776062e-06	 5.316314e-06	 2.280517e-05	-6.566525e-06	-3.238741e-05	-7.698120e-05	 2.082570e-07	-6.517839e-08	 2.211917e-07	 1.102003e-04	 7.100766e-05	 1.134000e-03	-3.746629e-04	-3.790494e-04	-1.638458e-04	-6.426467e-04	-2.700241e-06	
 5.904461e-03	 1.803610e-04	 4.694624e-05	-1.418775e-04	 1.018801e-03	 8.217667e-04	 4.064125e-04	 4.501168e-04	-1.558005e-01	 3.940936e-03	 2.992566e-02	-5.998643e-01	-4.885090e-01	-1.961326e-01	-3.892337e-02	-6.933149e-02	-4.104066e-03	-1.002527e-02	-2.573568e-02	-1.006853e-02	-2.659196e-04	 1.736000e-05	-8.148719e-06	-6.256815e-04	-9.608595e-04	-4.553561e-03	 1.035552e-05	-4.377981e-06	 1.429409e-05	 8.376246e-03	 1.134000e-03	 9.808343e-02	 1.731380e-02	 1.820422e-02	 4.867792e-03	 1.575154e-02	-3.194102e-05	
-1.280917e-01	 1.372256e-02	 6.818157e-06	 1.324594e-05	-3.741321e-04	-1.444523e-03	-2.087116e-04	-5.762535e-04	-2.614641e-01	-1.035166e-02	 1.452978e-01	-1.487349e+00	-7.544734e-01	-2.823598e-01	 1.814904e-02	 2.772245e-02	-1.912288e-02	 1.282252e-01	 2.585827e-01	 5.378452e-01	 6.347820e-04	 5.121450e-04	 6.323350e-04	 5.611478e-04	-1.558607e-03	 5.204968e-03	-3.516477e-06	-1.515619e-05	 9.392924e-05	 1.583002e-02	-3.746629e-04	 1.731380e-02	 2.243218e+00	 2.210357e+00	 2.717334e+00	 2.042765e+00	 7.907340e-04	
-1.097661e-01	 2.959951e-02	 7.352117e-06	 8.809179e-06	-3.864082e-04	-1.530746e-03	-2.002919e-04	-5.541502e-04	-2.411679e-01	-1.090255e-02	 1.430937e-01	-1.407187e+00	-7.139620e-01	-2.835054e-01	 2.590816e-03	 2.511996e-02	-1.668772e-02	 1.232631e-01	 2.485347e-01	 5.001269e-01	 4.870887e-04	 5.918080e-04	 4.725192e-04	 7.916893e-04	-1.476532e-03	 4.455251e-03	-2.691124e-06	-1.646422e-05	 7.152846e-05	 1.584070e-02	-3.790494e-04	 1.820422e-02	 2.210357e+00	 2.198885e+00	 2.225601e+00	 2.076047e+00	 8.851147e-04	
-5.675193e-01	-3.553231e-01	-1.800168e-06	 1.102127e-04	 2.632043e-05	 5.105764e-04	-4.177943e-04	-1.005953e-03	-6.045372e-01	 8.840887e-04	 2.487046e-01	-3.330008e+00	-1.689457e+00	-9.792797e-02	 3.935421e-01	 3.717063e-02	-5.244569e-02	 2.317523e-01	 4.556735e-01	 1.161472e+00	 3.577656e-03	-1.752090e-03	 2.119392e-03	-3.904322e-03	-2.660481e-03	 2.803166e-02	-8.831846e-06	 1.157906e-05	 4.846101e-04	 7.312629e-03	-1.638458e-04	 4.867792e-03	 2.717334e+00	 2.225601e+00	 1.382201e+01	 1.090177e+00	-1.390281e-03	
-7.221372e-02	 6.226262e-02	 5.334824e-06	 4.034961e-05	-6.007070e-04	-1.644508e-03	-2.717034e-04	-5.235128e-04	-2.085327e-01	-1.139955e-02	 1.374898e-01	-1.220756e+00	-5.753298e-01	-2.365716e-01	 1.701443e-02	 1.158760e-02	-1.666046e-02	 1.125616e-01	 2.384865e-01	 4.433829e-01	 1.329573e-04	 7.217730e-04	-1.261038e-04	 1.287423e-03	-1.145345e-03	 3.097318e-03	-3.064324e-06	-1.800035e-05	 2.708991e-05	 1.468694e-02	-6.426467e-04	 1.575154e-02	 2.042765e+00	 2.076047e+00	 1.090177e+00	 2.151445e+00	 1.091597e-03	
 2.976796e-05	 1.003190e-04	-2.566245e-08	 3.752627e-07	-2.122439e-06	-1.114952e-06	-1.010483e-06	-5.966259e-07	 3.090961e-05	-8.640807e-06	 1.409095e-05	 3.645127e-04	 2.945530e-04	 8.835741e-05	 1.694644e-04	-6.758250e-06	-4.005898e-05	 2.141024e-05	 5.803888e-05	 4.585156e-05	-2.237180e-07	 2.993647e-07	-1.326449e-06	 1.544056e-06	 1.106597e-06	-5.271112e-07	-6.625461e-09	-1.619393e-08	-2.610591e-08	-1.019651e-06	-2.700241e-06	-3.194102e-05	 7.907340e-04	 8.851147e-04	-1.390281e-03	 1.091597e-03	 1.037111e-06	
